4850
0	86	0
2193	2288	87
7434	7521	183
11342	11745	271
15021	15074	675
0	86	0
2193	2288	87
7434	7521	183
11342	11526	271
11551	11745	456
15021	15074	651
0	101	0
5247	5334	102
9155	9558	190
12834	13037	594
0	597	0
3992	4099	598
7400	7481	706
9932	10061	788
15283	15389	918
16378	16563	1025
0	112	0
6915	6996	113
9447	9576	195
14798	14904	325
15893	16260	432
0	145	0
31980	32072	146
34788	34896	239
36268	36474	348
51163	51255	555
55203	55375	648
64112	64213	821
75458	75638	923
77816	79537	1104
90475	90567	2826
0	274	0
324	582	275
599	736	534
0	1901	0
7053	7145	1902
9861	9969	1995
11341	11547	2104
26236	26328	2311
30276	30448	2404
50531	50711	2577
52889	54610	2758
65548	65603	4480
0	1263	0
1852	1900	1264
7052	7144	1313
9860	9968	1406
11340	11546	1515
30275	30447	1722
39184	39285	1895
50530	50710	1997
52888	54609	2178
65547	65624	3900
0	1899	0
7051	7143	1900
9859	9967	1993
11339	11545	2102
26234	26326	2309
30274	30446	2402
39183	39284	2575
50529	50709	2677
52887	54608	2858
65174	65569	4580
0	718	0
769	1899	719
7051	7143	1850
9859	9967	1943
11339	11545	2052
26234	26326	2259
30274	30446	2352
39183	39284	2525
50529	50709	2627
52887	54608	2808
65546	65630	4530
0	48	0
5200	5292	49
8008	8116	142
9488	9694	251
24383	24475	458
28423	28595	551
37332	37433	724
48678	48858	826
51036	51471	1007
51652	52757	1443
63695	63787	2549
0	4592	0
5600	5780	4593
7958	9679	4774
20617	20709	6496
0	16	0
476	656	17
2834	4555	198
15493	15585	1920
0	139	0
786	1187	140
1372	1668	542
2346	2406	839
2619	2876	900
4754	4814	1158
5317	5447	1219
5569	5738	1350
5854	6070	1520
7414	8209	1737
8611	8728	2533
8816	9455	2651
0	948	0
1133	1429	949
2107	2167	1246
2380	2637	1307
4515	4575	1565
5078	5208	1626
5330	5499	1757
5615	5831	1927
7175	7970	2144
8372	8489	2940
8577	8597	3058
10162	12111	3079
0	16	0
978	1135	17
1223	1919	175
2628	2819	872
2936	3157	1064
3385	3579	1286
3738	3876	1481
0	352	0
487	678	353
1289	1353	545
3574	4839	610
0	995	0
2348	2461	996
3259	3477	1110
3792	3917	1329
4418	4494	1455
5855	5938	1532
13150	13323	1616
14692	14760	1790
16814	16916	1859
17657	17771	1962
18964	19100	2077
19558	19655	2214
21691	21780	2312
22066	22167	2402
23057	23191	2504
25168	25336	2639
28181	28208	2808
0	995	0
2348	2461	996
3259	3477	1110
3792	3917	1329
4418	4494	1455
5855	5938	1532
13150	13323	1616
14692	14760	1790
15765	15794	1859
16814	16916	1889
17657	17771	1992
18964	19100	2107
19558	19655	2244
21691	21780	2342
22066	22167	2432
25168	25336	2534
28181	28218	2703
0	994	0
2347	2460	995
3258	3476	1109
3791	3916	1328
4417	4493	1454
5854	5937	1531
13149	13322	1615
14691	14759	1789
15764	15793	1858
16813	16915	1888
17656	17770	1991
18963	19099	2106
19557	19654	2243
21690	21779	2341
22065	22166	2431
23056	23195	2533
25167	25335	2673
28180	28279	2842
0	300	0
1653	2782	301
3097	3222	1431
3723	3799	1557
5160	5243	1634
12455	12628	1718
13997	14065	1892
15070	15099	1961
16119	16221	1991
16962	17076	2094
18269	18405	2209
18863	18960	2346
20996	21085	2444
21371	21472	2534
22362	22501	2636
24473	24641	2776
27486	27513	2945
0	180	0
1533	1646	181
2444	2662	295
2977	3102	514
3603	3679	640
5040	5123	717
12335	12508	801
13877	13945	975
14950	14979	1044
15999	16101	1074
16842	16956	1177
18149	18285	1292
18743	18840	1429
20876	20965	1527
21251	21352	1617
22242	22381	1719
24353	24521	1859
24931	24981	2028
0	107	0
5473	5679	108
8683	8841	315
10743	10853	474
0	414	0
4644	4750	415
8012	8142	522
8742	8825	653
9839	9972	737
10062	10211	871
10709	10818	1021
12344	12497	1131
15126	15281	1285
19526	19634	1441
19903	20091	1550
21166	22974	1739
0	291	0
3277	3383	292
6645	6775	399
7375	7458	530
8472	8605	614
8695	8844	748
9342	9451	898
10977	11130	1008
13759	13914	1162
18159	18267	1318
18536	18724	1427
19799	21607	1616
0	291	0
3277	3383	292
6645	6775	399
7375	7458	530
8472	8605	614
8695	8844	748
9342	9451	898
10977	11130	1008
18159	18267	1162
18536	18724	1271
19799	21607	1460
0	360	0
2921	3027	361
6289	6419	468
7025	7102	599
8116	8249	677
8339	8488	811
8986	9095	961
10621	10774	1071
13403	13558	1225
17803	17911	1381
18180	18368	1490
19443	19628	1679
0	2413	0
2650	2706	2414
0	123	0
8227	8279	124
8376	8422	177
14553	14691	224
19560	19684	363
22021	22143	488
23322	23373	611
24521	24591	663
25782	25890	734
29811	29892	843
30773	30864	925
31710	31777	1017
32008	32129	1085
32793	32875	1207
38680	38758	1290
40469	40546	1369
47852	47949	1447
49260	49349	1545
52988	53109	1635
54394	54527	1757
55027	55124	1891
56668	56789	1989
63469	63566	2111
64910	65012	2209
75120	75218	2312
141407	141463	2411
0	338	0
2862	2936	339
4821	5377	414
6440	6524	971
8446	8642	1056
10743	10883	1253
11483	11576	1394
12458	12625	1488
12835	13011	1656
13696	13869	1833
14297	14424	2007
14503	14655	2135
15156	15374	2288
16749	16856	2507
17586	17745	2615
19040	19158	2775
19603	19837	2894
21014	21241	3129
21683	21954	3357
22410	22507	3629
23151	23290	3727
25531	27437	3867
0	327	0
2851	2925	328
4810	5366	403
6429	6513	960
8435	8631	1045
10732	10872	1242
11472	11565	1383
12447	12614	1477
12824	13000	1645
13685	13858	1822
14286	14413	1996
14492	14644	2124
15145	15363	2277
16738	16845	2496
17575	17734	2604
19029	19147	2764
19592	19826	2883
21003	21230	3118
21672	21943	3346
23140	23279	3618
25520	27146	3758
0	74	0
1959	2515	75
3578	3662	632
5584	5780	717
7881	8021	914
8621	8714	1055
9596	9763	1149
9973	10149	1317
10834	11007	1494
11435	11562	1668
11641	11793	1796
12294	12512	1949
13887	13994	2168
14724	14883	2276
16178	16296	2436
16741	16975	2555
18152	18379	2790
18821	19092	3018
19548	19645	3290
20289	20428	3388
22669	25808	3528
0	2572	0
3263	3430	2573
4271	4410	2741
4742	4995	2881
0	95	0
0	1451	0
3484	3521	1452
10327	10601	1490
11401	11500	1765
40343	40425	1865
46266	46452	1948
69785	69859	2135
70359	70442	2210
73151	73198	2294
85970	86069	2342
86699	86805	2442
96020	96191	2549
139240	139527	2721
0	64	0
2097	2134	65
2709	2916	103
8940	9214	311
10014	10113	586
38956	39038	686
44879	45065	769
68398	68472	956
68972	69022	1031
71764	71811	1082
84583	84682	1130
85312	85418	1230
94633	94804	1337
137853	138137	1509
0	80	0
0	185	0
5481	5525	186
5547	5679	231
6580	6637	364
6692	6888	422
7569	9136	619
0	185	0
5547	5679	186
6580	6685	319
6746	6888	425
7569	9136	568
0	401	0
11809	11961	402
12558	12693	555
14634	14724	691
17869	17948	782
18239	18315	862
19197	19383	939
19483	19638	1126
20176	20241	1282
20441	20509	1348
21038	21212	1417
21793	22166	1592
0	187	0
4701	7080	188
9801	9818	2568
10885	10969	2586
11064	11198	2671
11595	11747	2806
12344	12479	2959
14421	14510	3095
17655	17734	3185
18025	18101	3265
18983	19169	3342
19269	19424	3529
19962	20027	3685
20227	20295	3751
20824	20998	3820
21579	21866	3995
23410	23489	4283
24074	25634	4363
0	139	0
401	556	140
882	1020	296
2572	2743	435
3818	3991	607
7661	7798	781
9227	9301	919
10211	10284	994
0	191	0
2185	3132	192
3834	4013	1140
4310	4401	1320
4983	5177	1412
6153	6271	1607
6651	6724	1726
6887	6952	1800
18092	18178	1866
20656	20759	1953
24220	24418	2057
26260	26403	2256
27726	27991	2400
28333	28427	2666
29014	29159	2761
29860	29880	2907
32008	32213	2928
32327	32388	3134
35350	35468	3196
37975	38044	3315
43118	43380	3385
44223	44317	3648
48295	48339	3743
51219	51386	3788
52709	52820	3956
57171	57328	4068
72697	72857	4226
75908	76071	4387
77540	77655	4551
81603	81798	4667
82549	82611	4863
0	191	0
2185	3132	192
3834	4013	1140
4310	4401	1320
4983	5177	1412
6153	6271	1607
6651	6724	1726
6887	6952	1800
18092	18178	1866
20656	20759	1953
24220	24418	2057
26260	26403	2256
27726	27991	2400
28333	28427	2666
29014	29159	2761
29860	29880	2907
32008	32213	2928
32327	32388	3134
35350	35468	3196
37975	38044	3315
43118	43380	3385
44223	44317	3648
48295	48339	3743
51219	51386	3788
52709	52820	3956
57171	57328	4068
72697	72857	4226
75908	76071	4387
77540	77655	4551
81603	81798	4667
116349	116537	4863
0	191	0
2185	3132	192
3834	4013	1140
4310	4401	1320
4983	5177	1412
6153	6271	1607
6651	6724	1726
6887	6952	1800
18092	18178	1866
20656	20759	1953
24220	24418	2057
26260	26403	2256
27726	27991	2400
28333	28427	2666
29014	29159	2761
32008	32213	2907
32327	32388	3113
35350	35468	3175
37975	38044	3294
43118	43380	3364
44223	44317	3627
51219	51386	3722
52709	52820	3890
57171	57328	4002
72697	72857	4160
75908	76071	4321
77540	77655	4485
81603	81798	4601
116349	116537	4797
0	1115	0
1817	1996	1116
2293	2384	1296
2966	3160	1388
4136	4254	1583
4634	4707	1702
4870	4935	1776
16075	16161	1842
18639	18742	1929
22203	22401	2033
24243	24386	2232
25709	25974	2376
26316	26410	2642
26997	27142	2737
27843	27863	2883
29991	30196	2904
30310	30371	3110
33333	33451	3172
35958	36027	3291
41101	41363	3361
42206	42300	3624
49202	49369	3719
50692	50803	3887
55154	55311	3999
70680	70840	4157
73891	74054	4318
75523	75638	4482
79586	79781	4598
113088	113831	4794
0	75	0
0	843	0
19613	19742	844
24526	24707	974
26270	26499	1156
28396	28521	1386
30097	30311	1512
30786	30921	1727
31929	32060	1863
37449	38272	1995
0	242	0
9679	9808	243
14592	14773	373
16336	16565	555
18462	18587	785
20163	20377	911
20852	20987	1126
21995	22126	1262
27515	28214	1394
0	1769	0
6553	6734	1770
8297	8526	1952
10423	10548	2182
12124	12338	2308
12813	12948	2523
13956	14087	2659
19476	20175	2791
0	73	0
1150	1279	74
6063	6244	204
7807	8036	386
9933	10058	616
11634	11848	742
12323	12458	957
13466	13597	1093
18986	19871	1225
0	414	0
1344	1525	415
3088	3317	597
5214	5339	827
6915	7129	953
7604	7739	1168
8747	8878	1304
14267	14963	1436
0	202	0
244	388	203
414	882	348
1123	1339	817
1375	1493	1034
1511	1584	1153
0	4502	0
5320	5420	4503
6872	6950	4604
7398	7553	4683
10368	10577	4839
14042	14162	5049
0	4940	0
0	1117	0
1201	1213	1118
0	2	0
4044	4162	3
4178	4340	122
0	14	0
82	166	15
210	346	100
0	2676	0
4252	4348	2677
5331	5370	2774
8218	8286	2814
9793	9905	2883
11603	11826	2996
20204	20284	3220
23061	23198	3301
23638	23726	3439
24203	24257	3528
26621	26674	3583
27328	27498	3637
0	2675	0
4251	8285	2676
9792	9904	6711
11602	11825	6824
20203	20283	7048
23060	23197	7129
23637	23725	7267
24202	24256	7356
26620	26673	7411
27327	27462	7465
0	1178	0
2754	2850	1179
3833	6788	1276
8295	8407	4232
10105	10328	4345
18706	18786	4569
21563	21700	4650
22140	22228	4788
22705	22759	4877
25123	25176	4932
25830	25949	4986
0	1136	0
2712	2808	1137
3791	3830	1234
6678	6746	1274
8253	8365	1343
10063	10286	1456
16257	16316	1680
18664	18744	1740
21521	21658	1821
22098	22186	1959
22663	22717	2048
25081	25134	2103
25788	25898	2157
0	1458	0
1978	2142	1459
4377	4437	1624
6632	6687	1685
7997	8054	1741
10670	10743	1799
13989	14102	1873
15915	15960	1987
17750	17824	2033
18508	19591	2108
0	112	0
344	508	113
2743	2803	278
4998	5053	339
6363	6420	395
9036	9109	453
12355	12468	527
14281	14326	641
16874	17954	687
0	169	0
2364	2419	170
3729	3786	226
6402	6475	284
9721	9834	358
11647	11692	472
13482	13556	518
14240	16843	593
0	169	0
2364	2419	170
3729	3786	226
6402	6475	284
9721	9834	358
11647	11692	472
14240	16843	518
0	53	0
2248	2303	54
3613	3670	110
6286	6359	168
9605	9718	242
11531	11576	356
13366	13440	402
14124	14202	477
14257	14306	556
0	428	0
4215	4274	429
58496	58546	489
232959	233075	540
238327	238408	657
254140	254220	739
257000	257079	820
258050	258156	900
260703	260740	1007
263064	263206	1045
266273	266343	1188
267963	268051	1259
282839	282903	1348
288850	288952	1413
293474	293604	1516
295045	295170	1647
302919	303008	1773
303644	303801	1863
305492	305654	2021
308903	308979	2184
310920	311036	2261
314335	314472	2378
316025	318993	2516
0	41	0
131	181	42
174594	174710	93
179962	180043	210
195775	195855	292
198635	198714	373
199685	199791	453
202338	202375	560
204699	204841	598
207908	207978	741
209598	209686	812
224474	224538	901
230485	230587	966
235109	235239	1069
236680	236805	1200
244554	244643	1326
245279	245436	1416
247127	247289	1574
252555	252671	1737
255970	256107	1854
257660	257785	1992
0	240	0
115702	115818	241
121070	121151	358
136883	136963	440
139743	139822	521
140793	140899	601
143446	143483	708
145807	145949	746
149016	149086	889
150706	150794	960
165582	165646	1049
171593	171695	1114
176217	176347	1217
177788	177913	1348
185662	185751	1474
186387	186544	1564
188235	188397	1722
191646	191722	1885
193663	193779	1962
197078	197215	2079
198768	201737	2217
0	118	0
115580	115696	119
120948	121029	236
136761	136841	318
139621	139700	399
140671	140777	479
143324	143361	586
145685	145827	624
148894	148964	767
150584	150672	838
165460	165524	927
171471	171573	992
176095	176225	1095
177666	177791	1226
185540	185629	1352
186265	186422	1442
188113	188275	1600
193541	193657	1763
196956	197093	1880
198646	201615	2018
0	254	0
113400	113516	255
118768	118849	372
134581	134661	454
137441	137520	535
138491	138597	615
141144	141181	722
143505	143647	760
146714	146784	903
148404	148492	974
163280	163344	1063
169291	169393	1128
173915	174045	1231
175486	175611	1362
183360	183449	1488
184085	184242	1578
185933	186095	1736
191361	191477	1899
194776	194913	2016
196466	196591	2154
0	68	0
62413	62529	69
67781	67862	186
83594	83674	268
86454	86533	349
87504	87610	429
90157	90194	536
92518	92660	574
95727	95797	717
97417	97505	788
112293	112357	877
118304	118406	942
122928	123058	1045
124499	124624	1176
132373	132462	1302
133098	133255	1392
134946	135108	1550
138357	138433	1713
140374	140490	1790
143789	143834	1907
0	337	0
61541	61657	338
66909	66990	455
82722	82802	537
85582	85661	618
86632	86738	698
89285	89322	805
91646	91788	843
94855	94925	986
96545	96633	1057
111421	111485	1146
117432	117534	1211
122056	122186	1314
123627	123752	1445
131501	131590	1571
132226	132383	1661
134074	134236	1819
137485	137561	1982
139502	139618	2059
142917	143054	2176
144607	147577	2314
0	308	0
66880	66961	309
82693	82773	391
85553	85632	472
86603	86709	552
89256	89293	659
91617	91759	697
94826	94896	840
96516	96604	911
111392	111456	1000
117403	117505	1065
122027	122157	1168
123598	123723	1299
131472	131561	1425
132197	132354	1515
134045	134207	1673
137456	137532	1836
139473	139589	1913
142888	143025	2030
144578	147547	2168
0	70	0
7817	7820	71
9529	9625	75
10268	10400	172
10735	10759	305
0	27	0
1765	1778	28
4264	4272	42
4447	4461	51
6250	6284	66
13430	13463	101
0	225	0
8960	9046	226
9891	9973	313
11049	11130	396
12050	12085	478
13692	13750	514
14956	14985	573
16264	16787	603
0	86	0
1851	2230	87
2242	2560	467
0	300	0
1907	2023	301
3291	3550	418
3657	3906	678
4963	5120	928
0	624	0
934	1094	625
1318	1813	786
2490	2622	1282
0	10	0
425	607	11
1098	1362	194
2337	2471	459
3191	3252	594
3373	3434	656
5023	5199	718
6229	6358	895
7940	8213	1025
0	205	0
696	960	206
1935	2069	471
2789	2850	606
2971	3032	668
4624	4797	730
5827	5956	904
7538	7811	1034
0	2348	0
7209	7435	2349
7842	7957	2576
8079	8343	2692
0	2860	0
4389	4615	2861
5022	5137	3088
5259	5523	3204
0	88	0
191056	191190	89
356377	356505	224
402722	402750	353
419745	419865	382
420366	420415	503
432085	432225	553
437387	437542	694
438984	439034	850
439822	439880	901
442026	442077	960
449249	449391	1012
452004	452096	1155
454884	455070	1248
469079	469221	1435
471553	471636	1578
473072	473222	1662
476808	476963	1813
485980	486152	1969
501000	501110	2142
504081	504093	2253
0	76	0
0	99	0
0	721	0
118353	118481	722
164698	164726	851
181721	181841	880
182342	182391	1001
194061	194201	1051
199363	199518	1192
200960	201010	1348
201798	201856	1399
204002	204053	1458
211225	211367	1510
213980	214072	1653
216860	217046	1746
231055	231197	1933
233529	233612	2076
235048	235198	2160
238784	238939	2311
247956	248128	2467
262976	263132	2640
0	121	0
157	426	122
448	643	392
1462	1626	588
5945	6069	753
12259	12466	878
14980	15117	1086
0	5969	0
9901	9975	5970
12730	13005	6045
14391	14478	6321
43177	43320	6409
89794	89910	6553
110695	110837	6670
149238	149360	6813
0	218	0
675	5846	219
9778	9852	5391
12607	12882	5466
14268	14355	5742
43054	43197	5830
89671	89787	5974
110572	110714	6091
150399	151169	6234
0	25	0
1994	2293	26
3655	3742	326
32441	32584	414
79058	79174	558
99959	100101	675
138502	139437	818
0	25	0
1994	2293	26
3655	3742	326
32441	32584	414
99959	100101	558
139786	140556	701
0	646	0
1355	1654	647
3016	3103	947
31802	31945	1035
62648	62686	1179
78419	78535	1218
99320	99462	1335
139147	139917	1478
0	3698	0
216437	216586	3699
242243	242414	3849
431685	431819	4021
500057	500512	4156
0	105	0
0	132	0
0	6	0
19486	19649	7
179846	180074	171
243497	243618	400
389608	389691	522
458988	459103	606
612129	612265	722
832258	832319	859
846079	846228	921
1013591	1013674	1071
1045309	1045426	1155
1050710	1050822	1273
0	167	0
160364	160592	168
224018	224136	397
370126	370209	516
439506	439621	600
592647	592783	716
812776	812837	853
994109	994192	915
1025827	1025944	999
1031228	1031340	1117
0	903	0
36054	36318	904
93166	93335	1169
101052	101213	1339
101527	101680	1501
104435	104537	1655
106622	106697	1758
108886	109084	1834
111358	111452	2033
0	903	0
36054	36318	904
93166	93335	1169
101052	101213	1339
101527	101680	1501
104435	104537	1655
106622	106697	1758
108886	109020	1834
109072	109084	1969
111358	111452	1982
0	20	0
1360	1539	21
3266	3372	201
4263	4385	308
6298	6457	431
7337	7453	591
8949	9019	708
10298	10489	779
12977	13057	971
13724	13824	1052
16802	16948	1153
17754	17850	1300
21229	21295	1397
22273	22351	1464
22555	22688	1543
23172	23333	1677
25650	25799	1839
27060	27326	1989
29219	29302	2256
29390	29489	2340
31200	31316	2440
34834	34991	2557
40627	40773	2715
43898	44140	2862
59461	60824	3105
71053	71243	4469
157680	158623	4660
0	20	0
1360	1539	21
3266	3372	201
4263	4385	308
6298	6457	431
7337	7453	591
8949	9019	708
10298	10489	779
12977	13057	971
13724	13824	1052
17754	17850	1153
21229	21295	1250
22273	22351	1317
22555	22688	1396
23172	23333	1530
25650	25799	1692
27060	27326	1842
29219	29302	2109
29390	29489	2193
31200	31316	2293
34834	34991	2410
40627	40773	2568
43898	44140	2715
59461	60824	2958
71053	71243	4322
157680	158623	4513
0	129	0
2055	2095	130
2183	2245	171
3983	4114	234
7635	7682	366
0	539	0
5157	5292	540
6636	6742	676
11543	11657	783
13249	13388	898
15164	15284	1038
17689	17807	1159
18932	19094	1278
19982	20127	1441
23583	23742	1587
29623	29801	1747
31494	31642	1926
32744	32837	2075
35949	36069	2169
37908	37982	2290
38560	38700	2365
40828	40934	2506
46395	46540	2613
47148	47562	2759
0	57	0
4675	6260	58
11061	11175	1644
12767	12906	1759
14682	14802	1899
17207	17325	2020
18450	18612	2139
19500	19645	2302
23101	23260	2448
29141	29319	2608
31012	31160	2787
32262	32355	2936
35467	35587	3030
37426	37500	3151
38078	38218	3226
40346	40452	3367
45913	46058	3474
46666	47066	3620
0	4046	0
9428	9527	4047
12560	12672	4147
13621	13729	4260
22316	22530	4369
22650	22747	4584
52398	52515	4682
53359	53527	4800
55560	55714	4969
58044	58147	5124
98782	99301	5228
0	126	0
0	1092	0
2760	2863	1093
9452	9606	1197
11869	12037	1352
17400	17514	1521
19124	19230	1636
20705	20919	1743
22009	22117	1958
22998	23110	2067
27109	27208	2180
32619	34474	2280
0	1595	0
3255	3354	1596
5128	5240	1696
8027	8135	1809
11840	12054	1918
15606	15715	2133
15953	16067	2243
16950	17118	2358
18076	18230	2527
19730	19833	2682
25729	26139	2786
0	431	0
2091	2190	432
3964	4076	532
6863	6971	645
10676	10890	754
14442	14551	969
14789	14903	1079
15786	15954	1194
16912	17002	1363
17004	17033	1454
17035	17065	1484
18566	18669	1515
24565	25055	1619
0	430	0
2090	2189	431
6862	6970	531
10675	10889	640
14441	14550	855
14788	14902	965
15785	15953	1080
16911	17065	1249
18565	18668	1404
24564	25070	1508
0	1788	0
2940	3009	1789
3965	4114	1859
7781	7967	2009
10232	10419	2196
10988	11134	2384
11899	12013	2531
13205	13341	2646
14062	14296	2783
15520	15666	3018
15951	16158	3165
18064	18225	3373
20919	21068	3535
22961	23179	3685
23691	23947	3904
24273	24392	4161
25133	25259	4281
26591	26781	4408
27803	27939	4599
32183	32280	4736
32531	32661	4834
33683	33898	4965
34344	34431	5181
34671	34846	5269
34925	35068	5445
35626	35796	5589
37981	38176	5760
39987	40088	5956
41066	41167	6058
43405	43584	6160
44985	45153	6340
45583	45698	6509
46311	46488	6625
46937	47084	6803
47676	47813	6951
52293	52436	7089
53761	53901	7233
56183	56347	7374
61633	61736	7539
62554	62719	7643
62874	63036	7809
65486	65591	7972
67673	67802	8078
69004	69136	8208
73888	73986	8341
75836	75960	8440
84777	84916	8565
104141	104445	8705
0	977	0
0	63	0
1683	1781	64
1892	2067	163
2376	2509	339
4246	4305	473
4640	4704	533
6632	6687	598
8540	8625	654
10201	10270	740
10778	10921	810
11070	11146	954
12817	12917	1031
14464	14552	1132
14704	14827	1221
15597	15636	1345
17826	17899	1385
18192	18271	1459
0	2888	0
3668	3899	2889
9453	9639	3121
9939	9990	3308
0	359	0
1139	1370	360
6924	7110	592
8145	8248	779
0	248	0
1407	1492	249
1703	1831	335
2775	2872	464
3261	3371	562
3667	3848	673
4472	4598	855
8066	8241	982
8703	8826	1158
9126	9318	1282
9470	9633	1475
10273	10983	1639
11629	11655	2350
0	175	0
552	1419	176
1630	1758	1044
2702	2799	1173
3188	3298	1271
3594	3775	1382
4399	4525	1564
7993	8168	1691
8630	8753	1867
9053	9245	1991
9397	9560	2184
10200	10486	2348
0	1419	0
1630	1758	1420
2702	2799	1549
3188	3298	1647
3594	3775	1758
4399	4525	1940
7993	8168	2067
8630	8753	2243
9053	9245	2367
9397	9560	2560
10200	10493	2724
0	1369	0
1580	2749	1370
3138	3248	2540
3544	3725	2651
4349	4475	2833
7943	8118	2960
8580	8703	3136
9003	9195	3260
9347	9510	3453
10150	10440	3617
0	139	0
0	3790	0
4436	4546	3791
5555	5709	3902
6366	6488	4057
7741	7884	4180
8872	8989	4324
10932	11113	4442
14518	15577	4624
0	3790	0
4436	4546	3791
5555	5709	3902
6366	6488	4057
7741	7884	4180
8872	8989	4324
10932	11113	4442
14518	14652	4624
15367	15577	4759
0	132	0
0	497	0
1143	1253	498
2262	2416	609
3073	3195	764
4448	4591	887
5579	5696	1031
7639	7820	1149
11225	11359	1331
11546	11707	1466
0	1291	0
2225	2379	1292
8031	8209	1447
12639	12766	1626
14042	14100	1754
17523	17578	1813
20295	21211	1869
0	1291	0
2225	2379	1292
8031	8209	1447
12639	12766	1626
14042	14100	1754
17523	17578	1813
20295	20332	1869
28863	29066	1907
0	1288	0
2222	2376	1289
8028	8206	1444
12636	12763	1623
14039	14097	1751
17520	17575	1810
20292	20329	1866
28557	28736	1904
0	823	0
1041	1219	824
5649	5776	1003
7052	7110	1131
10533	10588	1190
13305	13342	1246
21873	22055	1284
0	341	0
696	898	342
4724	4840	545
7409	7588	662
9383	12372	842
0	122	0
477	492	123
568	679	139
4505	4621	251
7190	7369	368
9164	12151	548
0	122	0
477	679	123
7190	7369	326
9164	12151	506
0	115	0
2489	2611	116
4068	4229	239
5023	5052	401
8409	8488	431
13467	13575	511
18803	19033	620
21031	21189	851
23200	23268	1010
31467	31576	1079
31669	31897	1189
32961	33072	1418
36481	36581	1530
37549	37828	1631
37855	38424	1911
38551	38885	2481
38907	39261	2816
39298	39441	3171
39475	39649	3315
39725	39778	3490
39802	40156	3544
42075	42263	3899
45187	45294	4088
46004	46191	4196
47379	47496	4384
48972	49070	4502
52540	52746	4601
73397	73591	4808
75388	75460	5003
0	115	0
2489	2611	116
4068	4229	239
5023	5052	401
8409	8488	431
13467	13575	511
18803	19033	620
21031	21189	851
23200	23268	1010
31467	31576	1079
31642	31897	1189
32961	33072	1445
36481	36581	1557
37549	37813	1658
37834	38057	1923
38127	38335	2147
38369	38880	2356
38893	39552	2868
39577	39649	3528
39677	39778	3601
39802	40163	3703
42064	42263	4065
45187	45294	4265
46004	46191	4373
47379	47496	4561
48972	49070	4679
52540	52746	4778
70514	70582	4985
70987	71073	5054
73397	73591	5141
77486	77564	5336
0	21	0
8072	8221	22
8416	8660	172
9166	9688	417
0	1324	0
1925	2009	1325
2097	2150	1410
2457	2523	1464
4139	4305	1531
4964	5125	1698
5612	5721	1860
7120	7315	1970
7869	7983	2166
8621	10633	2281
0	40	0
1054	1110	41
6018	6093	98
15043	15184	174
16494	16639	316
17900	18103	462
19846	20008	666
21555	21641	829
22053	22171	916
22190	22246	1035
22274	22339	1092
0	87	0
416	578	88
612	641	251
663	884	281
5792	5867	503
14817	14958	579
16268	16413	721
17674	17877	867
19620	19782	1071
21329	21415	1234
21827	21945	1321
21964	22020	1440
22048	22113	1497
0	33	0
47	641	34
5549	5636	629
14574	14715	717
16025	16170	859
17431	17634	1005
19377	19539	1209
21086	21172	1372
21584	21870	1459
0	782	0
2432	2519	783
11457	11598	871
12908	13053	1013
14314	14517	1159
16260	16422	1363
17969	18055	1526
18467	18753	1613
0	174	0
1132	1217	175
26209	26292	261
31152	31247	345
32088	32362	441
32938	33021	716
33686	33832	800
40775	40871	947
45329	45492	1044
45696	45826	1208
46437	46597	1339
46854	46946	1500
48111	48359	1593
48452	49392	1842
0	109	0
1087	1292	110
2283	2388	316
3299	3398	422
5434	5604	522
7499	7601	693
17299	17477	796
28739	28873	975
34052	34176	1110
36274	36352	1235
37884	38009	1314
63251	63308	1440
79684	79902	1498
82764	82873	1717
0	395	0
3004	3045	396
5918	6041	438
6374	11342	562
0	395	0
3004	3045	396
5918	6041	438
6374	6451	562
6731	11342	640
0	78	0
479	545	79
1404	1485	146
2426	2480	228
4694	4745	283
5322	5424	335
7673	7730	438
7957	8048	496
8282	8412	588
8892	8991	719
10024	10104	819
19682	19708	900
19735	19791	927
23180	23301	984
25538	25628	1106
31162	31309	1197
68544	68662	1345
68688	68718	1464
68767	68978	1495
0	116	0
1288	2857	117
2923	3326	1687
3347	3753	2091
6067	6210	2498
10107	10200	2642
11015	11159	2736
14130	14274	2881
23991	24225	3026
25355	25579	3261
36624	36790	3486
40859	40993	3653
43111	43291	3788
74042	74203	3969
82592	82720	4131
167427	167678	4260
0	9	0
1706	1767	10
1810	1944	72
0	6	0
1550	1611	7
1654	1788	69
0	20	0
1005	1088	21
1131	1265	105
0	518	0
5456	5528	519
6639	6689	592
0	106	0
14276	14373	107
23010	23099	205
24694	24825	295
27346	27467	427
28964	29092	549
40083	40196	678
42474	42636	792
56701	56851	955
58057	58198	1106
59141	59235	1248
60748	60845	1343
62010	62192	1441
63259	63402	1624
65019	65155	1768
0	126	0
14258	14355	127
16975	17011	225
19864	20000	262
22992	23081	399
24676	24807	489
27328	27449	621
28946	29074	743
40065	40178	872
42456	42618	986
56683	56833	1149
58039	58180	1300
59123	59217	1442
60730	60827	1537
61992	62174	1635
63241	63384	1818
65001	66383	1962
0	85	0
14217	14314	86
16934	16970	184
19823	19959	221
22951	23040	358
24635	24766	448
27287	27408	580
28905	29033	702
40024	40137	831
42415	42577	945
56642	56792	1108
57998	58139	1259
59082	59176	1401
60689	60786	1496
61951	63343	1594
64960	65752	2987
0	3377	0
4909	5060	3378
6840	6948	3530
8694	8806	3639
10512	10646	3752
12480	12653	3887
13378	13546	4061
14102	14180	4230
14280	14498	4309
18567	18684	4528
20043	20199	4646
22276	22434	4803
24232	24424	4962
26071	26211	5155
26895	26976	5296
27789	27980	5378
30941	31106	5570
31190	31339	5736
32039	32120	5886
33597	33769	5968
36293	36389	6141
39427	39488	6238
46301	46384	6300
54821	55046	6384
59636	59906	6610
68712	68798	6881
94591	94857	6968
0	1568	0
2502	2651	1569
3100	3251	1719
5031	5139	1871
6885	6997	1980
8703	8837	2093
10671	10844	2228
11569	11737	2402
12293	12371	2571
12471	12689	2650
16758	16875	2869
18234	18390	2987
20467	20625	3144
22423	22615	3303
24262	24402	3496
25086	25167	3637
25980	26171	3719
29132	29297	3911
29381	29530	4077
30230	30311	4227
31788	31960	4309
34484	34580	4482
37618	37679	4579
44492	44575	4641
53012	53237	4725
57827	58097	4951
66903	66989	5222
92782	93011	5309
0	1557	0
2784	2875	1558
4954	5068	1650
7904	7993	1765
9615	9691	1855
15392	15469	1932
18505	18608	2010
20269	20372	2114
22795	22925	2218
28356	28473	2349
28594	28719	2467
31601	31685	2593
37135	37285	2678
39097	39262	2829
60805	60930	2995
62277	62351	3121
65003	65089	3196
108404	108656	3283
0	47	0
1274	1365	48
3444	3558	140
6394	6483	255
8105	8181	345
13882	13959	422
16995	17098	500
18759	18862	604
21285	21415	708
26846	26963	839
27084	27209	957
30091	30175	1083
35625	35775	1168
37587	37752	1319
44789	44872	1485
59295	59420	1569
60767	60946	1695
0	47	0
1274	1365	48
3444	3558	140
6394	6483	255
8105	8181	345
13882	13959	422
16995	17098	500
18759	18862	604
21285	21415	708
26846	26963	839
27084	27209	957
30091	30175	1083
35625	35775	1168
37587	37752	1319
59295	59420	1485
60767	60841	1611
60941	61015	1686
0	6	0
56	120	7
215	465	72
483	693	323
713	745	534
839	876	567
956	1186	605
1206	1257	836
0	13	0
75	2076	14
18540	18642	2016
23937	24046	2119
25616	25718	2229
39881	39929	2332
43139	43276	2381
73122	73280	2519
109581	109741	2678
269140	269417	2839
0	2988	0
0	131	0
617	717	132
3502	3639	233
49751	51345	371
0	3136	0
5831	5961	3137
7887	8670	3268
10006	10102	4052
13433	13583	4149
18947	19119	4300
19374	19512	4473
25646	25850	4612
29150	29359	4817
36548	36639	5027
43167	43312	5119
67698	68025	5265
81724	81903	5593
101811	101900	5773
131980	132223	5863
279038	279126	6107
0	3135	0
5830	5960	3136
7886	8669	3267
10005	10101	4051
13432	13582	4148
18946	19118	4299
19373	19511	4472
25645	25849	4611
29149	29358	4816
35668	35826	5026
36547	36638	5185
43166	43311	5277
67697	68024	5423
81723	81902	5751
101810	101899	5931
131979	132222	6021
184520	184561	6265
279037	279147	6307
307760	307909	6418
384017	384211	6568
434101	434274	6763
0	3008	0
5703	5833	3009
7759	8542	3140
9878	9974	3924
13305	13455	4021
18819	18991	4172
19246	19384	4345
25518	25722	4484
29022	29231	4689
35541	35699	4899
36420	36511	5058
43039	43184	5150
67570	67897	5296
81596	81775	5624
101683	101772	5804
131852	132095	5894
278910	279020	6138
307633	307782	6249
383890	384084	6399
433974	434122	6594
0	1884	0
4579	4709	1885
6635	7418	2016
8754	8850	2800
12181	12331	2897
17695	17867	3048
18122	18260	3221
24394	24598	3360
27898	28107	3565
34417	34575	3775
35296	35405	3934
41915	42060	4044
64409	64537	4190
66446	66773	4319
80472	80651	4647
100559	100648	4827
130728	130864	4917
0	1724	0
4419	4549	1725
6475	7258	1856
8594	8690	2640
12021	12171	2737
17535	17707	2888
17962	18100	3061
24234	24438	3200
27738	27947	3405
34257	34415	3615
35136	35245	3774
41755	41900	3884
66286	66613	4030
80312	80491	4358
100399	100488	4538
130568	130811	4628
277626	277736	4872
306349	306498	4983
382606	382800	5133
434624	434901	5328
0	118	0
0	62	0
108	175	63
193	452	131
529	587	391
614	697	450
0	47	0
677	772	48
890	1000	144
1968	2052	255
10323	10468	340
12950	13131	486
17340	17469	668
22412	22504	798
24354	24607	891
30546	30708	1145
40897	41043	1308
45474	45598	1455
54792	54918	1580
0	249	0
2893	3044	250
18629	18737	402
20086	20237	511
29806	29925	663
73658	73785	783
81950	86746	911
0	192	0
2836	2987	193
18572	18680	345
20029	20180	454
29749	29868	606
73601	73728	726
81893	83468	854
87607	87626	2430
0	743	0
0	1108	0
2879	3033	1109
3378	3465	1264
4639	4744	1352
5311	5369	1458
6182	6290	1517
8183	8301	1626
10181	10360	1745
14836	14944	1925
16934	17059	2034
17899	17967	2160
20693	20872	2229
29189	29946	2409
34263	34645	3167
0	1107	0
2878	3032	1108
3377	3464	1263
4638	4743	1351
5310	5368	1457
6181	6289	1516
8182	8300	1625
10180	10359	1744
14835	14943	1924
16933	17058	2033
17898	17966	2159
20692	20871	2228
34262	34645	2408
0	1106	0
2877	3031	1107
3376	3463	1262
4637	4742	1350
5309	5367	1456
6180	6288	1515
8181	8299	1624
10179	10358	1743
14834	14942	1923
16932	17057	2032
17897	17965	2158
20691	20870	2227
41577	41839	2407
0	1105	0
2876	3030	1106
3375	3462	1261
4636	4741	1349
5308	5366	1455
6179	6287	1514
8180	8298	1623
10178	10357	1742
14833	14941	1922
16931	17056	2031
17896	17964	2157
20690	20869	2226
42071	42478	2406
0	598	0
2369	2523	599
2868	2955	754
4129	4234	842
4801	4859	948
5672	5780	1007
7673	7791	1116
9671	9850	1235
14326	14434	1415
16424	16549	1524
17389	17457	1650
20183	20362	1719
45088	45191	1899
67200	67463	2003
68381	68473	2267
70510	70588	2360
71653	71757	2439
73954	74115	2544
82335	82406	2706
85534	85680	2778
86329	86514	2925
101842	102066	3111
104676	104848	3336
110265	110700	3509
115671	116846	3945
119162	119272	5121
149974	150051	5232
0	598	0
2369	2523	599
2868	2955	754
4129	4234	842
4801	4859	948
5672	5780	1007
7673	7791	1116
9671	9850	1235
14326	14434	1415
16424	16549	1524
17389	17457	1650
20183	20362	1719
45088	45191	1899
67200	67463	2003
68381	68473	2267
70510	70588	2360
71653	71757	2439
73954	74115	2544
85534	85680	2706
86329	86514	2853
101842	102066	3039
104676	104848	3264
110265	110700	3437
115671	116846	3873
119162	119272	5049
149974	150051	5160
0	76	0
111141	112605	77
113676	113894	1542
116392	116460	1761
118338	118482	1830
120198	120331	1975
122210	122366	2109
123604	123717	2266
126489	126589	2380
128741	128934	2481
130351	130463	2675
130967	131098	2788
134966	135083	2920
137146	137225	3038
138452	138628	3118
141479	141609	3295
142976	143129	3426
144766	144927	3580
152343	152387	3742
156517	156600	3787
186172	186235	3871
191849	192426	3935
0	1156	0
69040	70504	1157
71575	71793	2622
74291	74359	2841
76237	76381	2910
78097	78230	3055
80109	80265	3189
81503	81616	3346
84388	84488	3460
86640	86833	3561
88250	88362	3755
88866	88997	3868
92865	92982	4000
95045	95121	4118
96351	96527	4195
99378	99508	4372
100875	101028	4503
102665	102826	4657
110242	110286	4819
114416	114499	4864
149748	150210	4948
0	2117	0
5904	5972	2118
7850	7994	2187
9710	9843	2332
11722	11878	2466
13116	13229	2623
16001	16101	2737
18253	18446	2838
19863	19975	3032
20479	20610	3145
24478	24595	3277
26658	26734	3395
27964	28140	3472
30991	31121	3649
32488	32582	3780
0	2112	0
3183	3401	2113
5899	5967	2332
7845	7989	2401
9705	9838	2546
11717	11873	2680
13111	13224	2837
15996	16096	2951
18248	18441	3052
19858	19970	3246
20474	20605	3359
24473	24590	3491
26653	26732	3609
27959	28135	3689
30986	31116	3866
32483	32636	3997
34273	34434	4151
41850	41894	4313
46024	46107	4358
81356	81425	4442
81507	81940	4512
0	2111	0
3182	3400	2112
5898	5966	2331
7844	7988	2400
9704	9837	2545
11716	11872	2679
13110	13223	2836
15995	16095	2950
18247	18440	3051
19857	19969	3245
20473	20604	3358
24472	24589	3490
26652	26731	3608
27958	28134	3688
30985	31115	3865
32482	32635	3996
34272	34433	4150
41849	41893	4312
46023	46106	4357
75678	75741	4441
81355	81412	4505
0	1464	0
2535	2753	1465
5251	5319	1684
7197	7341	1753
9057	9190	1898
11069	11225	2032
12463	12576	2189
15348	15448	2303
17600	17793	2404
19210	19322	2598
19826	19957	2711
23825	23942	2843
26005	26084	2961
27311	27487	3041
30338	30468	3218
31835	31988	3349
33625	33786	3503
41202	41246	3665
45376	45459	3710
105167	105544	3794
0	18	0
4682	4772	19
5045	5135	110
0	12	0
4264	4354	13
4627	4717	104
0	16	0
3041	3133	17
3406	3496	110
0	12	0
842	932	13
1205	1295	104
0	848	0
56587	56750	849
64610	64812	1013
65330	65417	1216
72526	72567	1304
76200	76319	1346
78693	78752	1466
84065	84133	1526
84644	84790	1595
90586	90710	1742
94529	94737	1867
95228	95317	2076
98012	98310	2166
0	158	0
22320	22393	159
23840	23911	233
30687	30745	305
32038	32128	364
43194	43341	455
43365	43518	603
60705	60741	757
60768	60897	794
68831	69037	924
0	158	0
22320	22393	159
23840	23911	233
30687	30745	305
32038	32126	364
43148	43234	453
43270	43332	540
43365	43518	603
60705	60741	757
60768	60897	794
68831	69037	924
0	38	0
18534	19054	39
19904	20256	560
67213	68428	913
0	38	0
18534	19054	39
19904	20256	560
67213	67429	913
68146	68428	1130
0	234	0
68625	68768	235
88338	88427	379
90506	90740	469
97982	101791	704
0	298	0
3229	3308	299
6196	6379	379
6903	7066	563
9117	9234	727
10371	10507	845
11436	11798	982
0	771	0
6011	6728	772
8821	8911	1490
9840	10022	1581
10714	15419	1764
0	771	0
6011	6728	772
8821	8911	1490
10714	15419	1581
0	1104	0
2987	3075	1105
3898	4029	1194
4756	4860	1326
5802	5915	1431
7750	7863	1545
9046	9320	1659
0	8	0
265	278	9
9158	9164	23
11204	11219	30
22363	22384	46
27235	27242	68
30338	30372	76
30753	30775	111
31903	31912	134
32052	32061	144
33949	33977	154
0	2432	0
15611	15767	2433
0	223	0
7489	7775	224
88323	88384	511
111409	111504	573
118891	118974	669
126029	126118	753
127031	127212	843
132325	132521	1025
135927	136036	1222
144216	144323	1332
147254	147391	1440
148910	149074	1578
156839	156951	1743
157487	157655	1856
162819	162915	2025
164176	164378	2122
166741	166905	2325
167367	167519	2490
168499	168642	2643
171404	171577	2787
174291	174449	2961
174748	174912	3120
177123	177257	3285
179892	180050	3420
180250	180458	3579
181100	181205	3788
183010	183177	3894
184131	184298	4062
186060	186230	4230
187253	187393	4401
191115	191275	4542
193973	194147	4703
197249	197461	4878
197828	197878	5091
327261	327282	5142
0	66	0
80614	80675	67
103700	103795	129
111182	111265	225
118320	118412	309
119325	119503	402
124616	124812	581
128218	128327	778
132029	132079	888
136507	136614	939
139545	139682	1047
141201	141365	1185
149130	149242	1350
149778	149946	1463
155110	155206	1632
156467	156669	1729
159032	159196	1932
159658	159810	2097
160790	160933	2250
163695	163868	2394
166582	166740	2568
167039	167203	2727
169414	169548	2892
172183	172341	3027
172541	172749	3186
173391	173499	3395
175304	175468	3504
176422	176589	3669
178351	178521	3837
179544	179684	4008
183406	183566	4149
186264	186414	4310
189525	189752	4461
190119	190259	4689
0	143	0
1038	1238	144
0	92	0
278	400	93
880	1062	216
2130	2273	399
6339	6537	543
10246	10334	742
0	65	0
3242	3481	66
4074	4283	306
9072	9173	516
12169	12288	618
13817	14017	738
17135	17308	939
19026	19157	1113
20041	20122	1245
21715	21839	1327
0	198	0
4930	5092	199
14316	14503	362
15424	15574	550
20220	20402	701
20665	20802	884
22461	22652	1022
23376	23709	1214
27012	27154	1548
28833	28959	1691
29719	29930	1818
33227	33427	2030
35199	35327	2231
37176	37388	2360
38962	39054	2573
40477	40535	2666
49281	50257	2725
0	4532	0
9025	9208	4533
34991	35124	4717
78903	79041	4851
156937	157272	4990
199299	199415	5326
239917	240107	5443
273678	274199	5634
274530	274592	6156
0	4532	0
9025	9208	4533
34991	35124	4717
78903	79041	4851
156937	157272	4990
199299	199415	5326
239917	240107	5443
273678	274199	5634
274671	274861	6156
0	2599	0
7092	7275	2600
33058	33191	2784
76970	77108	2918
155004	155339	3057
197366	197482	3393
237984	238174	3510
271745	272266	3701
274275	274394	4223
0	187	0
25970	26103	188
69882	70020	322
147916	148251	461
190278	190394	797
230896	231086	914
264657	265178	1105
281463	281658	1627
0	98	0
166538	166774	99
178904	179146	336
182715	182888	579
188685	188885	753
195507	195824	954
213209	213394	1272
216231	216375	1458
222087	222343	1603
0	113	0
154507	154743	114
166873	167115	351
170684	170857	594
176654	176854	768
183476	183793	969
201178	201363	1287
204200	204344	1473
210056	210312	1618
212730	212858	1875
243094	243168	2004
0	71	0
15588	15824	72
27954	28196	309
31765	31938	552
37735	37935	726
44557	44874	927
62259	62444	1245
65281	65425	1431
71137	71393	1576
0	2538	0
4750	4986	2539
17116	17358	2776
20927	21100	3019
26897	27097	3193
33719	34036	3394
51421	51606	3712
54443	54587	3898
60299	60555	4043
62973	63101	4300
93337	93692	4429
0	2532	0
4744	4980	2533
17110	17352	2770
20921	21094	3013
33713	34030	3187
51415	51600	3505
54437	54581	3691
60293	60549	3836
62967	63095	4093
93331	93431	4222
0	2114	0
7814	7979	2115
14745	14989	2281
15715	15820	2526
18621	18851	2632
0	976	0
6048	6538	977
15251	15359	1468
18471	18546	1577
20873	20912	1653
22639	22739	1693
25294	25400	1794
26792	26856	1901
27617	27693	1966
43599	43719	2043
56150	56266	2164
56898	56939	2281
0	976	0
6048	6538	977
15251	15359	1468
18471	18546	1577
20873	20912	1653
22639	22739	1693
25294	25400	1794
26792	26856	1901
27617	27693	1966
30368	30488	2043
56150	56266	2164
56898	56939	2281
0	962	0
20041	20225	963
26262	31622	1148
0	311	0
26121	28894	312
0	46	0
1384	3165	47
3202	3396	1829
3421	4239	2024
4252	4475	2843
4499	5167	3067
5230	6229	3736
49849	49960	4736
109857	110018	4848
0	2074	0
2129	3183	2075
3207	3875	3130
3938	4937	3799
8096	8216	4799
0	1873	0
1922	2127	1874
2152	2938	2080
2960	3183	2867
3207	3852	3091
3948	4937	3737
48557	48668	4727
108565	108726	4839
0	89	0
45538	45690	90
48490	48597	243
64593	64770	351
65325	65425	529
66480	66521	630
75994	76133	672
97174	97285	812
102243	102311	924
106877	107017	993
109604	109665	1134
115550	115652	1196
117804	117878	1299
119069	119176	1374
121333	121379	1482
123229	123365	1529
133443	133616	1666
136191	136288	1840
138023	138095	1938
144973	145103	2011
162206	162342	2142
163660	163760	2279
165310	165434	2380
169827	169880	2505
169968	170018	2559
171795	171877	2610
176475	176580	2693
0	89	0
45538	45690	90
48490	48597	243
64593	64770	351
65325	65425	529
66480	66521	630
75994	76133	672
97174	97285	812
102243	102311	924
106877	107017	993
109604	109665	1134
115550	115652	1196
117804	117878	1299
119069	119176	1374
121333	121379	1482
123229	123365	1529
133443	133616	1666
136191	136288	1840
138023	138111	1938
144992	145103	2027
162206	162342	2139
163660	163760	2276
165310	165434	2377
169827	169880	2502
169968	170018	2556
171795	171879	2607
181097	181317	2692
0	1066	0
7445	7580	1067
7601	9064	1203
17383	17441	2667
19271	19366	2726
22360	22393	2822
29093	29179	2856
29365	29460	2943
29549	29731	3039
32122	32253	3222
36613	36763	3354
43075	43121	3505
48737	48806	3552
64051	64151	3622
98550	98957	3723
0	183	0
0	177	0
203	492	178
0	1309	0
4238	4394	1310
8315	8474	1467
9949	10140	1627
21286	21507	1819
0	14	0
811	942	15
3871	4027	147
7948	8107	304
9582	9773	464
20919	21446	656
0	1604	0
21771	21803	1605
23452	23535	1638
81674	82116	1722
0	270	0
3272	3535	271
4257	4532	535
5192	5316	811
0	1012	0
1579	1859	1013
0	457	0
1503	1677	458
2318	2581	633
2813	3094	897
4296	7145	1179
0	310	0
542	805	311
1396	1471	575
0	111	0
147	363	112
631	751	329
772	797	450
1359	1434	476
0	2146	0
3293	3431	2147
4036	4311	2286
4533	4796	2562
6925	7526	2826
0	1333	0
10134	10291	1334
33902	34043	1492
38168	38293	1634
38391	38426	1760
39724	39930	1796
54077	54172	2003
58192	58346	2099
0	1333	0
10134	10291	1334
33902	34043	1492
38168	38293	1634
54077	54172	1760
58192	58346	1856
0	967	0
9768	9925	968
33536	33677	1126
37802	37927	1268
39358	39564	1394
53711	53806	1601
57826	59731	1697
0	227	0
1712	1789	228
23838	23979	306
28104	28229	448
29660	29866	574
44013	44108	781
48128	48282	877
0	1011	0
3739	5427	1012
15175	15391	2701
20087	20172	2918
22042	22162	3004
25677	25781	3125
35065	35096	3230
36313	36417	3262
51058	51464	3367
0	2308	0
2861	3056	2309
3525	3629	2505
18270	18498	2610
0	2347	0
2654	2776	2348
3630	3707	2471
5618	5798	2549
7178	7313	2730
8768	8919	2866
11951	12073	3018
15477	17065	3141
17413	18022	4730
0	119	0
426	548	120
3390	3570	243
4950	5085	424
6540	6691	560
9723	9845	712
13249	13478	835
0	51	0
2137	2645	52
0	346	0
7797	8271	347
15359	15506	822
24865	26375	970
28882	29464	2481
32665	32847	3064
33044	33150	3247
41965	45761	3354
0	497	0
7585	7732	498
17091	18601	646
21108	21690	2157
24891	25073	2740
25270	25376	2923
34191	38964	3030
0	326	0
4898	5072	327
6882	7039	502
10687	10867	660
21452	21573	841
23596	23701	963
25098	25256	1069
26167	26293	1228
27001	27135	1355
28080	28206	1490
29604	29953	1617
0	264	0
562	645	265
4828	5004	349
6814	6971	526
10619	10799	684
21384	21505	865
23528	23633	987
25030	25188	1093
26099	26225	1252
26933	27067	1379
28012	28138	1514
29536	29885	1641
0	1005	0
3922	4085	1006
6346	6479	1170
7496	7652	1304
8772	8923	1461
11936	12032	1613
12202	12261	1710
19545	19749	1770
0	124	0
5078	5145	125
5231	5295	193
5845	5962	258
6599	6741	376
8763	8859	519
9616	9732	616
12869	12993	733
14698	14764	858
19210	19321	925
22880	22976	1037
28138	28285	1134
41894	45886	1282
0	155	0
9467	9847	156
23259	23398	537
28821	29055	677
32322	32428	912
33534	37658	1019
0	75	0
7939	8319	76
21731	21870	457
27293	27527	597
30794	30900	832
32006	33735	939
0	2388	0
6151	6231	2389
7648	7741	2470
7953	8113	2564
25870	27367	2725
32958	33148	4223
46054	46100	4414
51526	52162	4461
0	2388	0
6151	6231	2389
7648	7741	2470
7953	8113	2564
25870	27367	2725
32958	33148	4223
51526	52162	4414
0	2042	0
5805	5885	2043
7302	7395	2124
7607	7767	2218
25524	27021	2379
32612	32802	3877
51180	51341	4068
67789	67905	4230
0	2042	0
5805	5885	2043
7302	7395	2124
7607	7767	2218
25524	27021	2379
32612	32802	3877
51180	51328	4068
77586	78085	4217
0	1949	0
5712	5792	1950
7209	7302	2031
7514	7674	2125
25431	26928	2286
32519	32709	3784
77493	77560	3975
0	1109	0
2652	2931	1110
49243	49400	1390
51290	51387	1548
99484	99637	1646
110882	110961	1800
123447	123602	1880
179845	179888	2036
297067	297474	2080
297576	297839	2488
0	3631	0
5484	5615	3632
7263	8407	3764
15594	15707	4909
20025	20175	5023
20964	21173	5174
21922	22091	5384
23730	23865	5554
27534	27677	5690
29164	29238	5834
35103	35449	5909
40658	40790	6256
66195	66296	6389
76035	76147	6491
80195	80281	6604
83519	83559	6691
95787	95933	6732
0	3631	0
5484	5615	3632
7263	8407	3764
15594	15707	4909
20025	20175	5023
20964	21173	5174
21922	22091	5384
23730	23865	5554
27534	27677	5690
29164	29238	5834
35103	35449	5909
40658	40790	6256
66195	66296	6389
76035	76147	6491
80195	80281	6604
83519	83559	6691
110141	110190	6732
110341	110400	6782
144927	145020	6842
0	3631	0
5484	5615	3632
7263	8407	3764
15594	15707	4909
20025	20175	5023
20964	21173	5174
21922	22091	5384
23730	23865	5554
27534	27677	5690
29164	29238	5834
35103	35449	5909
40658	40790	6256
66195	66296	6389
76035	76147	6491
80195	80281	6604
83519	83559	6691
110141	110190	6732
110341	110391	6782
157078	157206	6833
205156	205346	6962
0	563	0
2416	2547	564
4195	5339	696
12526	12639	1841
16957	17107	1955
17896	18105	2106
18854	19023	2316
20662	20797	2486
24466	24609	2622
26096	26170	2766
32035	32381	2841
37590	37722	3188
63127	63228	3321
72967	73079	3423
77127	77213	3536
80451	80491	3623
107073	107122	3664
107273	107323	3714
154010	154138	3765
353340	353384	3894
0	263	0
2116	2247	264
3895	5039	396
12226	12339	1541
16657	16807	1655
17596	17805	1806
18554	18723	2016
20362	20497	2186
24166	24309	2322
25796	25870	2466
31735	32081	2541
37290	37422	2888
62827	62928	3021
72667	72779	3123
76827	76913	3236
80151	80191	3323
106773	106822	3364
106973	107023	3414
153710	153838	3465
264395	264457	3594
0	263	0
2116	2247	264
3895	5039	396
12226	12339	1541
16657	16807	1655
17596	17805	1806
18554	18723	2016
20362	20497	2186
24166	24309	2322
25796	25870	2466
31735	32081	2541
37290	37422	2888
62827	62928	3021
72667	72779	3123
76827	76913	3236
80151	80191	3323
106773	106822	3364
153710	153838	3414
264395	264457	3543
0	131	0
0	122	0
5137	5601	123
0	5030	0
6954	7174	5031
13820	13931	5252
22274	22439	5364
22718	23087	5530
26138	26377	5900
32048	32098	6140
49349	49414	6191
58920	59071	6257
60903	61028	6409
66553	66731	6535
67625	67845	6714
68687	68727	6935
69247	69314	6976
69775	69922	7044
71278	71350	7192
72828	72982	7265
92944	93022	7420
102714	102837	7499
113013	113096	7623
118035	118098	7707
119587	119721	7771
139651	139751	7906
142938	143019	8007
166477	166574	8089
167814	167963	8187
0	448	0
984	4118	449
6042	6262	3584
12908	13019	3805
21362	21527	3917
21806	22175	4083
25226	25465	4453
31136	31186	4693
48437	48502	4744
58008	58159	4810
59991	60116	4962
65641	65819	5088
66713	66933	5267
67775	67815	5488
68335	68402	5529
68863	69010	5597
70366	70438	5745
71916	72070	5818
92032	92110	5973
101802	101925	6052
112101	112184	6176
117123	117186	6260
118675	118809	6324
138739	138839	6459
142026	142107	6560
165565	165662	6642
166902	167109	6740
0	3350	0
5274	5494	3351
12140	12251	3572
20594	20759	3684
21038	21407	3850
24458	24697	4220
30368	30418	4460
42572	42619	4511
42721	42780	4559
47669	47734	4619
57240	57391	4685
59223	59348	4837
64873	65051	4963
65945	66165	5142
67007	67047	5363
67567	67634	5404
68095	68242	5472
69598	69670	5620
71148	71302	5693
91264	91342	5848
101034	101157	5927
111333	111416	6051
116355	116418	6135
117907	118041	6199
137971	138071	6334
141258	141339	6435
164797	164894	6517
166134	166383	6615
166978	167102	6865
0	41	0
1965	2185	42
8831	8942	263
17285	17450	375
17729	18098	541
21149	21388	911
27059	27109	1151
39412	39471	1202
44360	44425	1262
53931	54082	1328
55914	56039	1480
61564	61742	1606
62636	62856	1785
63698	63738	2006
64258	64325	2047
64786	64933	2115
66289	66361	2263
67839	67993	2336
87955	88033	2491
97725	97848	2570
108024	108107	2694
113046	113109	2778
114598	114732	2842
134662	134762	2977
137949	138030	3078
161488	161585	3160
162825	162974	3258
0	41	0
1965	2185	42
8831	8942	263
17285	17450	375
17729	18098	541
21149	21388	911
27059	27109	1151
53931	54082	1202
55914	56039	1354
61564	61742	1480
62636	62856	1659
63698	63738	1880
64258	64325	1921
64786	64933	1989
66289	66361	2137
67839	67993	2210
87955	88033	2365
97725	97848	2444
108024	108107	2568
113046	113109	2652
114598	114732	2716
134662	134762	2851
137949	138030	2952
161488	161585	3034
162825	162974	3132
0	3761	0
6334	6517	3762
7507	7597	3946
14488	14590	4037
15323	15496	4140
21502	21671	4314
33846	33957	4484
36023	36216	4596
44507	44691	4790
49948	50135	4975
53694	53847	5163
54369	54503	5317
59641	59734	5452
61414	61551	5546
62176	62311	5684
67119	67286	5820
70640	70754	5988
72436	72577	6103
76098	76200	6245
80089	80152	6348
80928	81111	6412
82009	82042	6596
88981	89110	6630
94543	94633	6760
98078	98252	6851
103850	103944	7026
106508	106648	7121
110460	110698	7262
120118	120204	7501
123415	123554	7588
125875	126084	7728
127913	127984	7938
132019	132111	8010
137207	137363	8103
161460	161533	8260
0	3761	0
6334	6517	3762
7507	7597	3946
14488	14590	4037
15323	15496	4140
21502	21671	4314
33846	33957	4484
36023	36216	4596
44507	44691	4790
49948	50135	4975
53694	53847	5163
54369	54503	5317
59641	59734	5452
61414	61551	5546
62176	62311	5684
67119	67286	5820
70640	70754	5988
72436	72577	6103
76098	76200	6245
80089	80152	6348
80928	81111	6412
82009	82042	6596
88981	89110	6630
94543	94633	6760
98078	98252	6851
103850	103944	7026
106508	106648	7121
110460	110698	7262
120118	120204	7501
123415	123554	7588
125875	126084	7728
127913	127984	7938
132019	132111	8010
137207	137363	8103
213178	213455	8260
229572	230072	8538
0	3761	0
6334	6517	3762
7507	7597	3946
14488	14590	4037
15323	15496	4140
21502	21671	4314
33846	33957	4484
36023	36216	4596
44507	44691	4790
49948	50135	4975
53694	53847	5163
54369	54503	5317
59641	59734	5452
61414	61551	5546
62176	62311	5684
67119	67286	5820
70640	70754	5988
72436	72577	6103
76098	76200	6245
80089	80152	6348
80928	81111	6412
82009	82042	6596
88981	89110	6630
94543	94633	6760
98078	98252	6851
103850	103944	7026
110460	110698	7121
120118	120204	7360
123415	123554	7447
125875	126084	7587
127913	127984	7797
132019	132111	7869
137207	137363	7962
213178	213455	8119
229572	230072	8397
0	1588	0
6139	6416	1589
22533	22942	1867
0	3646	0
47887	48817	3647
60842	60968	4578
74199	74367	4705
78646	78892	4874
123449	123684	5121
281064	281313	5357
387000	388014	5607
389482	389559	6622
0	3643	0
11042	11136	3644
47878	48808	3739
60833	60959	4670
74190	74358	4797
78637	78883	4966
123440	123675	5213
281055	281304	5449
386991	388172	5699
0	3643	0
11042	11136	3644
47878	48808	3739
60833	60959	4670
74190	74358	4797
78637	78883	4966
123440	123675	5213
281055	281304	5449
386991	388005	5699
389473	389626	6714
0	84	0
36826	37756	85
49781	49907	1016
63138	63306	1143
67585	67831	1312
112388	112623	1559
270003	270252	1795
375939	376953	2045
378421	378545	3060
382610	382750	3185
0	350	0
8673	9339	351
10775	10904	1018
13080	13298	1148
17518	17596	1367
18240	18390	1446
19516	19624	1597
20262	20518	1706
21975	22634	1963
24210	24461	2623
25275	25353	2875
29159	29322	2954
29454	29710	3118
31156	31277	3375
39609	39697	3497
41357	41449	3586
46995	47102	3679
48066	48208	3787
51702	51875	3930
52176	52238	4104
53151	53376	4167
55334	55477	4393
56854	56955	4537
58287	58358	4639
59910	60098	4711
74056	74148	4900
75683	75769	4993
76512	76690	5080
80483	80579	5259
0	350	0
8673	8833	351
9164	9339	512
10775	10904	688
13080	13298	818
17518	17596	1037
18240	18390	1116
19516	19624	1267
20262	20518	1376
21975	22634	1633
24210	24461	2293
25275	25353	2545
29159	29322	2624
29454	29710	2788
31156	31277	3045
39609	39697	3167
41357	41449	3256
46995	47102	3349
48066	48208	3457
51702	51875	3600
52176	52238	3774
53151	53376	3837
55334	55477	4063
56854	56955	4207
58287	58358	4309
59910	60098	4381
74056	74148	4570
75683	75769	4663
76512	76690	4750
78879	78959	4929
80483	80579	5010
0	257	0
8580	9246	258
10682	10811	925
12987	13205	1055
17425	17503	1274
18147	18297	1353
19423	19531	1504
20169	20425	1613
21882	22541	1870
24117	24368	2530
25182	25260	2782
29066	29229	2861
29361	29617	3025
31063	31184	3282
39516	39604	3404
41264	41356	3493
46902	47009	3586
47973	48115	3694
51609	51782	3837
52083	52145	4011
53058	53283	4074
55241	55384	4300
56761	56862	4444
58194	58265	4546
59817	60005	4618
73963	74055	4807
75590	75676	4900
76419	76597	4987
78786	78866	5166
80390	82357	5247
0	183	0
8293	8959	184
10395	10524	851
12700	12918	981
17138	17216	1200
17860	18010	1279
19136	19244	1430
19882	20138	1539
21595	22254	1796
23830	24081	2456
24895	24973	2708
28779	28942	2787
29074	29330	2951
30776	30897	3208
39229	39317	3330
40977	41069	3419
46615	46722	3512
47686	47828	3620
51322	51495	3763
51796	51858	3937
52771	52996	4000
54954	55097	4226
56474	56575	4370
57907	57978	4472
59530	59718	4544
73676	73768	4733
75303	75389	4826
76132	76310	4913
78499	78579	5092
80103	82041	5173
0	197	0
8871	10908	198
14797	15000	2236
0	154	0
8407	10444	155
14333	14465	2193
86394	86568	2326
126261	126618	2501
0	154	0
8407	10444	155
14333	14465	2193
86394	86568	2326
126261	126502	2501
268195	268214	2743
0	100	0
8353	10390	101
14279	21380	2139
0	50	0
8303	10340	51
86290	86464	2089
126157	126398	2264
134279	135802	2506
0	84	0
8215	10252	85
14141	19263	2123
0	4060	0
4163	6222	4061
10111	15233	6121
0	399	0
35905	36079	400
75772	76013	575
83894	86666	817
0	72	0
0	5	0
7416	7438	6
14602	14691	29
16955	17063	119
19825	20065	228
20442	20600	469
30036	30101	628
32003	32068	694
32293	32331	760
38537	38673	799
50965	51076	936
51930	52096	1048
55745	55902	1215
60617	60702	1373
66703	66904	1459
73996	74070	1661
75695	75756	1736
93466	93526	1798
97039	97117	1859
100144	100290	1938
105667	105935	2085
121882	122011	2354
147977	148133	2484
159643	159815	2641
246214	246403	2814
265177	265331	3004
266623	266828	3159
271023	271140	3365
273168	273382	3483
281689	281764	3698
285235	285384	3774
287181	287316	3924
291943	292118	4060
293299	293449	4236
302316	302488	4387
303358	303549	4560
306809	306946	4752
307907	308068	4890
309762	309932	5052
312503	312631	5223
315037	315216	5352
321039	321209	5532
327498	327653	5703
329956	330129	5859
331109	331237	6033
331639	331800	6162
332496	332645	6324
334672	334806	6474
339638	339817	6609
341593	341763	6789
346024	346179	6960
346860	346973	7116
358682	358894	7230
359552	359697	7443
362654	362834	7589
362996	363237	7770
365496	365583	8012
369446	369569	8100
375332	375501	8224
377169	377348	8394
377628	377735	8574
382558	382659	8682
385211	385330	8784
386501	386651	8904
387365	387546	9055
388466	388669	9237
397712	397872	9441
398786	398901	9602
401704	401876	9718
403869	403961	9891
404298	404375	9984
406302	406394	10062
424107	424168	10155
532324	532402	10217
0	2099	0
4397	4419	2100
11583	11675	2123
13936	14044	2216
16806	17046	2325
17423	17581	2566
27017	27082	2725
28984	29049	2791
29274	29312	2857
35518	35654	2896
47946	48057	3033
48911	49077	3145
52726	52883	3312
57598	57683	3470
63684	63885	3556
70977	71051	3758
72676	72737	3833
90447	90507	3895
94020	94098	3956
97125	97271	4035
102648	102916	4182
118863	118992	4451
144958	145114	4581
156624	156796	4738
237502	237721	4911
0	242	0
0	2320	0
31999	32131	2321
0	402	0
512	725	403
0	312	0
23556	23597	313
37441	37511	355
46280	46346	426
60573	61052	493
64726	66634	973
0	236	0
0	47	0
13891	13961	48
22730	22800	119
25634	25733	190
37023	37502	290
41176	43087	770
0	3959	0
18186	18332	3960
22339	24686	4107
0	361	0
3555	4706	362
0	70	0
6970	7075	71
10866	11005	177
24929	25067	317
25614	25733	456
28003	28065	576
0	3013	0
0	292	0
412	612	293
1218	1270	494
1824	1963	547
2882	3009	687
6092	6347	815
6708	6849	1071
8288	8375	1213
11984	12157	1301
13480	13611	1475
15532	15672	1607
0	24	0
1475	1576	25
5176	5270	127
0	4066	0
19480	19556	4067
30511	30648	4144
33367	33428	4282
38694	38749	4344
43793	43949	4400
45832	46037	4557
52029	52563	4763
62486	62644	5298
67879	67959	5457
100031	100198	5538
134798	135059	5706
0	1837	0
17251	17327	1838
28282	28419	1915
31138	31199	2053
36465	36520	2115
41564	41720	2171
43603	43808	2328
49800	50334	2534
60257	60415	3069
65650	65730	3228
97802	97969	3309
278646	278952	3477
0	1831	0
17245	17321	1832
28276	28413	1909
31132	31193	2047
36459	36514	2109
41558	41714	2165
43597	43802	2322
49794	50328	2528
60251	60409	3063
97796	97963	3222
200146	200367	3390
0	1830	0
17244	17320	1831
28275	28412	1908
31131	31192	2046
36458	36513	2108
41557	41713	2164
43596	43801	2321
49793	50327	2527
65643	65723	3062
97795	97962	3143
132562	132785	3311
0	15	0
15429	15505	16
26460	26597	93
29316	29377	231
34643	34698	293
39742	39898	349
41781	41986	506
47978	48512	712
52268	52507	1247
58435	58593	1487
63828	63908	1646
95980	96147	1727
130747	130792	1895
0	109	0
0	500	0
6152	6339	501
9815	10154	689
11961	12171	1029
12423	12613	1240
18117	18225	1431
19433	21247	1540
0	125	0
20091	20187	126
24769	24891	223
27000	27070	346
29327	29495	417
30063	30117	586
30225	30291	641
30578	30702	708
32293	32336	833
37033	37114	877
42716	42847	959
50911	51756	1091
0	1528	0
4158	4254	1529
8836	8958	1626
11067	11137	1749
13394	13562	1820
14130	14184	1989
14292	14358	2044
14645	14769	2111
16360	16403	2236
21100	21181	2280
26783	26914	2362
34978	35823	2494
0	814	0
3444	3540	815
8122	8244	912
10353	10423	1035
12680	12848	1106
13416	13470	1275
13578	13644	1330
13931	14055	1397
15646	15689	1522
20386	20467	1566
26069	26200	1648
30159	30226	1780
34264	34493	1848
0	304	0
10684	10788	305
13841	13991	410
15936	16042	561
21486	21558	668
21665	22875	741
0	696	0
7545	7708	697
46910	47025	861
153886	153987	977
179200	179355	1079
251488	251607	1235
324735	324867	1355
326100	326182	1488
0	694	0
6870	6928	695
7543	7706	754
46908	47023	918
153884	153985	1034
179198	179353	1136
251486	251657	1292
0	37	0
6213	6271	38
6886	7049	97
153227	153328	261
178541	178696	363
250829	251013	519
0	2787	0
3402	3565	2788
42767	42882	2952
149743	149844	3068
175057	175212	3170
247345	247529	3326
0	219	0
44440	44514	220
110829	110942	295
164218	164308	409
170737	170781	500
171488	177041	545
178149	178303	6099
181879	182054	6254
185948	186049	6430
186835	187730	6532
193175	194823	7428
0	113	0
59908	59952	114
60659	66212	159
67320	67474	5713
71050	71225	5868
75119	75220	6044
76006	76901	6146
82346	83170	7042
0	5916	0
7024	7178	5917
10754	10929	6072
14823	14924	6248
15710	16605	6350
22050	24007	7246
0	2969	0
5361	5406	2970
8342	8494	3016
9292	9393	3169
20835	21118	3271
23684	23780	3555
25184	25452	3652
26446	26573	3921
31656	31762	4049
33653	33698	4156
35922	36041	4202
38059	38199	4322
39889	40060	4463
41441	41651	4635
42259	42317	4846
43472	43583	4905
44206	44348	5017
48206	48268	5160
49233	49285	5223
51241	51326	5276
57629	57712	5362
59928	59996	5446
69253	69876	5515
72738	73079	6139
131264	131364	6481
139387	139605	6582
0	2968	0
8341	8493	2969
9291	9392	3122
20834	21117	3224
23683	23779	3508
25183	25451	3605
26445	26572	3874
31655	31761	4002
33652	33697	4109
35921	36040	4155
38058	38198	4275
39888	40059	4416
41440	41650	4588
42258	42316	4799
43471	43582	4858
44205	44347	4970
48205	48267	5113
49232	49284	5176
51240	51325	5229
59927	59995	5315
69252	69875	5384
72737	73078	6008
131263	131374	6350
139020	139063	6462
0	2968	0
8341	8493	2969
9291	9392	3122
20834	21117	3224
23683	23779	3508
25183	25451	3605
26445	26572	3874
31655	31761	4002
33652	33697	4109
35921	36040	4155
38058	38198	4275
39888	40059	4416
41440	41650	4588
42258	42316	4799
43471	43582	4858
44205	44347	4970
48205	48267	5113
49232	49284	5176
51240	51325	5229
59927	59995	5315
69252	69875	5384
72737	73078	6008
131263	131363	6350
139386	139893	6451
0	2967	0
5359	5404	2968
8340	8492	3014
9290	9391	3167
20833	21116	3269
23682	23778	3553
25182	25450	3650
26444	26571	3919
31654	31760	4047
33651	33696	4154
35920	36039	4200
38057	38197	4320
39887	40058	4461
41439	41649	4633
42257	42315	4844
43470	43581	4903
44204	44346	5015
48204	48266	5158
49231	49283	5221
51239	51324	5274
59926	59994	5360
69251	69874	5429
72736	73077	6053
81295	81431	6395
0	2966	0
5358	5403	2967
8339	8491	3013
9289	9390	3166
20832	21115	3268
23681	23777	3552
25181	25449	3649
26443	26570	3918
31653	31759	4046
33650	33695	4153
35919	36038	4199
38056	38196	4319
39886	40057	4460
41438	41648	4632
42256	42314	4843
43469	43580	4902
44203	44345	5014
48203	48265	5157
49230	49282	5220
51238	51323	5273
59925	59993	5359
69250	69873	5428
72735	73076	6052
131261	131361	6394
139384	139860	6495
0	2368	0
10314	10397	2369
19145	19318	2453
30214	30322	2627
36649	36724	2736
37379	37506	2812
40123	40217	2940
62217	62530	3035
0	1167	0
17944	18117	1168
29013	29121	1342
35448	35523	1451
36178	36305	1527
38922	39016	1655
61016	61188	1750
0	395	0
1054	1236	396
2244	2282	579
0	720	0
1306	1561	721
13043	13391	977
15780	19709	1326
0	106	0
0	244	0
707	4600	245
0	13	0
85	157	14
334	2007	87
0	32	0
209	6031	33
0	404	0
3469	3921	405
12165	12256	858
18314	18484	950
36634	36828	1121
42277	42351	1316
49145	49237	1391
52585	52680	1484
53811	54560	1580
0	122	0
3187	3639	123
11883	11974	576
18032	18202	668
36352	36546	839
38318	38437	1034
41995	42069	1154
48863	48955	1229
52303	52398	1322
53529	56686	1418
0	164	0
3961	4115	165
9821	10901	320
0	1544	0
9485	9551	1545
15899	16383	1612
0	571	0
8512	8578	572
14580	14662	639
0	839	0
42113	42236	840
43969	44165	964
44282	44435	1161
45287	45411	1315
45935	46097	1440
46376	46439	1603
47587	47741	1667
59104	59225	1822
62867	62947	1944
69550	69637	2025
70373	70474	2113
72636	72708	2215
73919	74037	2288
74979	75043	2407
77648	77830	2472
78967	79062	2655
80906	81054	2751
82089	82194	2900
84089	84157	3006
0	839	0
42113	42236	840
43969	44165	964
44282	44435	1161
45287	45411	1315
45935	46097	1440
46376	46439	1603
47587	47741	1667
59104	59225	1822
69550	69637	1944
70373	70474	2032
72636	72708	2134
73919	74037	2207
74979	75043	2326
77648	77830	2391
78967	79062	2574
80906	81054	2670
82089	82194	2819
84089	84157	2925
0	212	0
249	419	213
41693	41816	384
43549	43745	508
43862	44015	705
44867	44991	859
45515	45677	984
45956	46019	1147
47167	47321	1211
58684	58805	1366
62447	62527	1488
69130	69217	1569
69953	70054	1657
72216	72288	1759
73499	73617	1832
74559	74623	1951
77228	77410	2016
78547	78642	2199
80486	80634	2295
81669	81774	2444
83669	83934	2550
0	727	0
2556	2728	728
10524	10612	901
11834	11899	990
12582	12738	1056
12837	12910	1213
14660	14807	1287
16278	16492	1435
18953	19039	1650
20970	21095	1737
23092	23195	1863
33485	33613	1967
36829	36997	2096
39348	39486	2265
40400	40568	2404
41365	41617	2573
45321	45483	2826
63141	63253	2989
64409	64542	3102
77290	78191	3236
0	2365	0
6443	6465	2366
8589	8743	2389
13695	13858	2544
15586	15785	2708
17937	18352	2908
0	282	0
188381	188533	283
212892	213019	436
228493	228685	564
232869	233000	757
240602	243796	889
244293	244425	4084
249426	250140	4217
0	888	0
72719	72871	889
97230	97357	1042
112831	113023	1170
117207	117338	1363
124940	128134	1495
128631	128763	4690
133764	135801	4823
0	112	0
45665	45817	113
70176	70303	266
85777	85969	394
97880	101080	587
101577	101709	3788
106710	108751	3921
0	261	0
4465	4617	262
28976	29103	415
44577	44769	543
48953	49084	736
56680	59880	868
60377	60509	4069
65510	68357	4202
0	248	0
4452	4604	249
28963	29090	402
44564	44756	530
56673	59867	723
60364	60496	3918
65497	68346	4051
0	707	0
16181	16373	708
20553	20688	901
28284	31484	1037
31981	32113	4238
37114	39963	4371
0	120	0
0	1398	0
6365	6545	1399
7535	7670	1580
8236	8826	1716
0	103	0
0	458	0
0	191	0
2075	3293	192
9483	9604	1411
13166	13297	1533
13538	13640	1665
18721	18835	1768
20393	20569	1883
23946	24074	2060
27293	27437	2189
29364	29467	2334
34064	34186	2438
35783	35927	2561
41723	41902	2706
43625	43770	2886
46538	46671	3032
48691	49008	3166
51308	51458	3484
53116	53226	3635
53633	53848	3746
54191	54298	3962
57874	58039	4070
59640	59806	4236
73727	74637	4403
75343	75455	5314
81021	81354	5427
82219	82323	5761
90062	90140	5866
92861	92903	5945
96623	96745	5988
113144	113212	6111
132078	132209	6180
136133	136214	6312
170772	170823	6394
178118	178202	6446
0	191	0
2075	3293	192
9483	9604	1411
13166	13297	1533
13538	13640	1665
18721	18835	1768
20393	20569	1883
23946	24074	2060
27293	27437	2189
29364	29467	2334
34064	34186	2438
35783	35927	2561
41723	41902	2706
43625	43770	2886
46538	46671	3032
48691	49008	3166
51308	51458	3484
53116	53226	3635
53633	53848	3746
54191	54298	3962
57874	58039	4070
59640	59806	4236
73727	74637	4403
75343	75455	5314
81021	81354	5427
82219	82323	5761
90062	90140	5866
92861	92903	5945
113144	113212	5988
132078	132209	6057
136133	136214	6189
170772	170823	6271
178118	178202	6323
0	432	0
11527	11667	433
15152	16670	574
0	2228	0
2930	3111	2229
3760	4664	2411
5556	5736	3316
6568	6738	3497
6903	7050	3668
7667	7857	3816
11608	11917	4007
12049	12098	4317
0	2228	0
2930	3111	2229
3760	4664	2411
5556	5736	3316
6568	6738	3497
6903	7050	3668
7667	7857	3816
11608	11917	4007
15486	15841	4317
0	818	0
0	806	0
9364	9478	807
10159	10322	922
12661	12836	1086
14805	14994	1262
18141	18268	1452
20199	24201	1580
0	155	0
246	539	156
9097	9211	450
9892	10055	565
12394	12569	729
14538	14727	905
17874	18001	1095
19932	23934	1223
0	178	0
2984	3162	179
11002	11171	358
12140	12289	528
0	290	0
18926	19061	291
25252	25430	427
27089	27264	606
28093	28237	782
31322	31461	927
33734	36505	1067
0	1767	0
2780	3502	1768
0	965	0
30798	30897	966
56421	56476	1066
57959	58072	1122
59863	59969	1236
72480	72588	1343
72985	73062	1452
86034	86184	1530
87285	87342	1681
88910	89151	1739
0	68	0
29901	30000	69
55524	55579	169
57062	57175	225
58966	59072	339
71583	71691	446
72088	72165	555
85137	85287	633
86388	86445	784
124750	124783	842
0	95	0
0	1141	0
70377	70516	1142
85829	85852	1282
92532	92725	1306
93617	93785	1500
95228	95334	1669
97946	98116	1776
119562	119674	1947
126962	127121	2060
129596	129749	2220
136204	136311	2374
142910	142959	2482
145440	145535	2532
150138	150219	2628
163867	164000	2710
170563	170690	2844
171338	171474	2972
173483	173588	3109
181126	181283	3215
183450	183627	3373
184690	184710	3551
187900	188077	3572
188166	188334	3750
194460	194645	3919
198151	198256	4105
209595	209838	4211
214954	215066	4455
217031	217143	4568
218808	218884	4681
219588	220352	4758
0	423	0
69659	69798	424
78452	78628	564
85111	85134	741
91814	92007	765
92899	93067	959
94510	94616	1128
97228	97398	1235
118844	118956	1406
126244	126403	1519
128878	129031	1679
135486	135593	1833
142192	142241	1941
144722	144817	1991
149420	149501	2087
163149	163282	2169
169845	169972	2303
170620	170756	2431
172765	172870	2568
180408	180565	2674
182732	182909	2832
183972	183992	3010
187182	187359	3031
187448	187616	3209
193742	193927	3378
197433	197538	3564
208877	209120	3670
214236	214348	3914
216313	216425	4027
218090	218166	4140
218870	218930	4217
0	85	0
62604	62743	86
78056	78079	226
84759	84952	250
85844	86012	444
87455	87561	613
90173	90343	720
111789	111901	891
119189	119348	1004
121823	121976	1164
128431	128538	1318
135137	135186	1426
137667	137762	1476
142365	142446	1572
156094	156227	1654
162790	162917	1788
163565	163701	1916
165710	165815	2053
173353	173510	2159
175677	175854	2317
176917	176937	2495
180127	180304	2516
180393	180561	2694
186687	186872	2863
190378	190483	3049
201822	202065	3155
207181	207293	3399
209258	209370	3512
211035	211111	3625
211815	211875	3702
0	107	0
111460	111561	108
120309	120386	210
137958	138121	288
138915	139032	452
142579	142689	570
148083	148196	681
152983	153110	795
158924	159039	923
159371	159654	1039
161851	162073	1323
163296	163467	1546
163697	163798	1718
164167	164217	1820
164309	164366	1871
167813	167915	1929
173353	173576	2032
175216	176696	2256
0	91	0
111444	111545	92
120293	120370	194
137942	138105	272
138899	139016	436
148067	148180	554
152967	153094	668
158908	159023	796
159355	159638	912
161835	162057	1196
163280	163451	1419
163681	163782	1591
164151	164201	1693
164293	164350	1744
167800	167899	1802
173337	173560	1902
175200	176662	2126
0	733	0
84920	85021	734
93769	93846	836
111418	111581	914
112375	112492	1078
116039	116149	1196
121543	121656	1307
126443	126570	1421
132384	132499	1549
132831	133114	1665
135311	135533	1949
136756	136927	2172
137157	137258	2344
137627	137677	2446
137769	137826	2497
141276	141375	2555
146813	147036	2655
148676	149440	2879
0	21	0
37923	38024	22
46772	46849	124
64421	64584	202
65378	65495	366
69042	69152	484
74546	74659	595
79446	79573	709
85387	85502	837
85834	86117	953
88314	88536	1237
89759	89930	1460
90160	90261	1632
90630	90680	1734
90772	90829	1785
94279	94378	1843
99816	100039	1943
101679	101689	2167
0	133	0
6249	6352	134
8360	8473	238
9300	10211	352
11424	12089	1264
12242	12411	1930
14818	14923	2100
16508	16592	2206
18917	19092	2291
19226	19388	2467
20221	20401	2630
27587	27799	2811
28208	30790	3024
0	133	0
6249	6352	134
8360	8473	238
9300	10211	352
11424	12089	1264
12242	12411	1930
14818	14923	2100
16508	16592	2206
18917	19092	2291
19226	19388	2467
20221	20401	2630
21442	21588	2811
27587	27799	2958
28208	30792	3171
0	66	0
6182	6285	67
8293	8406	171
9233	10144	285
11357	12022	1197
12175	12344	1863
14751	14856	2033
16441	16525	2139
18850	19025	2224
20154	20334	2400
21375	21521	2581
27520	27732	2728
28141	30927	2941
30963	31123	5728
0	103	0
2111	2224	104
3051	3962	218
5175	5840	1130
5993	6162	1796
8569	8674	1966
10259	10343	2072
12668	12843	2157
13972	14152	2333
15193	15339	2514
21338	25054	2661
0	103	0
2111	2224	104
3051	3962	218
5175	5840	1130
5993	6162	1796
8569	8674	1966
10259	10343	2072
12668	12843	2157
13972	14152	2333
15193	15339	2514
21338	21550	2661
21959	25054	2874
0	103	0
930	1841	104
3054	3719	1016
3872	4041	1682
6448	6553	1852
8138	8222	1958
10547	10722	2043
11851	12031	2219
13072	13218	2400
19217	19429	2547
39344	39346	2760
0	331	0
940	1056	332
6057	6161	449
6816	6928	554
8352	8587	667
10053	10407	903
14555	15152	1258
16235	18698	1856
0	3706	0
8017	8097	3707
14350	14446	3788
16629	16773	3885
22391	22482	4030
40600	40731	4122
42186	42286	4254
44843	44938	4355
47340	47403	4451
49905	50056	4515
88979	89062	4667
238996	239056	4751
343898	344398	4812
0	3703	0
8014	8094	3704
14347	14443	3785
16626	16770	3882
22388	22479	4027
40597	40728	4119
42183	42283	4251
44840	44935	4352
47337	47400	4448
49902	50053	4512
88976	89059	4664
156433	156674	4748
0	3299	0
0	128	0
0	133	0
511	573	134
5686	5753	197
7491	7615	265
20125	20680	390
23312	23490	946
31574	31793	1125
33001	33193	1345
36478	36573	1538
40147	40332	1634
42097	42243	1820
43895	44027	1967
47949	48072	2100
53232	53461	2224
55315	55421	2454
58643	58761	2561
61127	61257	2680
62848	62988	2811
75050	75246	2952
79406	79432	3149
93304	93421	3176
118890	118945	3294
154701	154863	3350
159955	160055	3513
180555	180604	3614
187970	188069	3664
192727	194071	3764
0	62	0
19614	20169	63
22801	22979	619
31063	31282	798
32490	32682	1018
35967	36062	1211
39636	39821	1307
41586	41732	1493
43384	43516	1640
47438	47561	1773
52721	52950	1897
54804	54910	2127
58132	58250	2234
60616	60746	2353
62337	62477	2484
74539	74735	2625
78895	78921	2822
92793	92910	2849
118379	118434	2967
154190	154352	3023
159444	159544	3186
180044	180093	3287
187459	187654	3337
0	62	0
6980	7104	63
19614	20169	188
22801	22979	744
31063	31282	923
32490	32682	1143
35967	36062	1336
39636	39821	1432
41586	41732	1618
43384	43516	1765
47438	47561	1898
52721	52950	2022
54804	54910	2252
58132	58250	2359
60616	60746	2478
62337	62477	2609
74539	74735	2750
78895	78921	2947
92793	92910	2974
107877	107933	3092
118379	118434	3149
154190	154352	3205
159444	159544	3368
180044	180093	3469
187459	187558	3519
192216	192218	3619
0	62	0
5175	5242	63
19614	20169	131
22801	22979	687
31063	31282	866
32490	32682	1086
35967	36062	1279
39636	39821	1375
41586	41732	1561
43384	43516	1708
47438	47561	1841
52721	52950	1965
54804	54910	2195
58132	58250	2302
60616	60746	2421
62337	62477	2552
74539	74735	2693
78895	78921	2890
92793	92910	2917
118379	118434	3035
154190	154352	3091
159444	159544	3254
180044	180093	3355
187459	187558	3405
192216	192218	3505
0	124	0
12634	13189	125
15821	15999	681
24083	24302	860
25510	25702	1080
28987	29082	1273
32656	32841	1369
34606	34752	1555
36404	36536	1702
40458	40581	1835
45741	45970	1959
47824	47930	2189
51152	51270	2296
53636	53766	2415
55357	55497	2546
67559	67755	2687
71915	71941	2884
85813	85930	2911
100897	100953	3029
111399	111454	3086
147210	147372	3142
152464	152564	3305
173064	173113	3406
180479	180674	3456
0	480	0
3112	3290	481
11374	11593	660
12801	12993	880
16278	16373	1073
19947	20132	1169
21897	22043	1355
23695	23827	1502
27749	27872	1635
33032	33261	1759
35115	35221	1989
38443	38561	2096
40927	41057	2215
42648	42788	2346
54850	55046	2487
59206	59232	2684
73104	73221	2711
98690	98745	2829
134501	134663	2885
139755	139855	3048
157547	157588	3149
160355	160404	3191
167770	167869	3241
172527	173871	3341
0	466	0
3098	3276	467
11360	11579	646
12787	12979	866
16264	16359	1059
19933	20118	1155
21883	22029	1341
23681	23813	1488
27735	27858	1621
33018	33247	1745
35101	35207	1975
38429	38547	2082
40913	41043	2201
42634	42774	2332
54836	55032	2473
59192	59218	2670
73090	73207	2697
98676	98731	2815
160341	160390	2871
167756	167855	2921
172513	172515	3021
0	466	0
3098	3276	467
11360	11579	646
12787	12979	866
16264	16359	1059
19933	20118	1155
21883	22029	1341
23681	23813	1488
27735	27858	1621
33018	33247	1745
35101	35207	1975
38429	38547	2082
40913	41043	2201
42634	42774	2332
59192	59218	2473
98676	98731	2500
134487	134649	2556
139741	139841	2719
160341	160390	2820
167756	167855	2870
172513	172515	2970
0	466	0
3098	3276	467
11360	11579	646
12787	12979	866
16264	16359	1059
19933	20118	1155
21883	22029	1341
23681	23813	1488
27735	27858	1621
33018	33247	1745
35101	35207	1975
38429	38547	2082
40913	41043	2201
42634	42774	2332
54836	55032	2473
59192	59218	2670
73090	73207	2697
98676	98731	2815
134487	134649	2871
139741	139841	3034
160341	160390	3135
167756	167855	3185
172513	175770	3285
0	2630	0
14659	14766	2631
17522	17632	2739
18493	18618	2850
18710	18824	2976
20036	20178	3091
22939	23193	3234
24906	25010	3489
25697	25777	3594
26987	27221	3675
29199	29419	3910
29670	29762	4131
31270	31341	4224
33328	33445	4296
37810	38194	4414
0	2630	0
14659	14766	2631
17522	17632	2739
18493	18618	2850
18710	18824	2976
20036	20178	3091
22939	23193	3234
24906	25010	3489
25697	25777	3594
26987	27221	3675
29199	29419	3910
29670	29762	4131
31270	31341	4224
33328	33445	4296
38735	39118	4414
0	1321	0
13350	13457	1322
16213	16323	1430
17184	17309	1541
17401	17515	1667
18727	18869	1782
21630	21884	1925
23597	23701	2180
24388	24468	2285
25678	25912	2366
27890	28110	2601
28361	28453	2822
29961	30032	2915
32019	32136	2987
34727	34871	3105
0	13	0
4789	5038	14
5072	5146	264
0	21	0
1568	1675	22
1700	1731	130
0	157	0
3473	3538	158
9824	9952	224
13516	13710	353
49507	49615	548
54682	54944	657
55419	55584	920
59004	59121	1086
64729	64875	1204
65946	66020	1351
66538	66655	1426
67057	67125	1544
73173	73263	1613
73692	73800	1704
77799	77899	1813
79864	80007	1914
82909	83451	2058
0	157	0
3473	3538	158
9824	9952	224
13516	13710	353
49507	49615	548
54682	54743	657
54825	54944	719
55419	55584	839
59004	59121	1005
64729	64875	1123
65946	66020	1270
66538	66655	1345
67057	67125	1463
69829	69933	1532
73173	73263	1637
73692	73800	1728
77799	77899	1837
79864	80007	1938
82909	83574	2082
0	145	0
3461	3526	146
9812	9940	212
13504	13698	341
15163	15378	536
49495	49603	752
54670	54932	861
55407	55572	1124
58992	59109	1290
64717	64863	1408
65934	66008	1555
66526	66643	1630
67045	67113	1748
69817	69921	1817
73161	73251	1922
73680	73788	2013
77787	77887	2122
79852	79995	2223
82897	83564	2367
0	42	0
3358	3423	43
9709	9837	109
13401	13595	238
49392	49500	433
54567	54829	542
55304	55469	805
58889	59006	971
64614	64760	1089
65831	65905	1236
66423	66540	1311
66942	67010	1429
69714	69818	1498
73058	73148	1603
73577	73685	1694
77684	77784	1803
79749	79892	1904
82794	86622	2048
0	42	0
3358	3423	43
9709	9837	109
13401	13595	238
49392	49500	433
54567	54829	542
55304	55469	805
58889	59006	971
64614	64760	1089
65831	65905	1236
66423	66540	1311
66942	67010	1429
69714	69818	1498
73058	73148	1603
73577	73685	1694
77684	77784	1803
82794	86622	1904
0	42	0
3358	3423	43
9709	9837	109
13401	13595	238
49392	49500	433
54567	54829	542
55304	55469	805
58889	59006	971
64614	64760	1089
65831	65905	1236
66423	66540	1311
66942	67010	1429
69714	69818	1498
73058	73148	1603
73577	73685	1694
82794	86622	1803
0	144	0
4033	4180	145
5647	5802	293
7392	7541	449
8924	9180	599
11545	11706	856
18128	18580	1018
0	701	0
727	777	702
0	98	0
0	105	0
0	520	0
54808	55023	521
98080	98155	737
122202	122277	813
122733	122808	889
123220	123324	965
123429	123512	1070
123628	123759	1154
124023	124135	1286
124487	124610	1399
125064	125159	1523
125636	125791	1619
125898	125987	1775
126436	127643	1865
0	37	0
21079	21223	38
24084	24159	183
24615	24690	259
25102	25206	335
25311	25394	440
25510	25641	524
25905	26017	656
26369	26492	769
26946	27041	893
27518	27673	989
27780	27869	1145
28318	29525	1235
0	211	0
3072	3147	212
3603	3678	288
4090	4194	364
4299	4382	469
4498	4629	553
4893	5005	685
5357	5480	798
5934	6029	922
6506	6661	1018
6768	6857	1174
7306	8515	1264
0	184	0
1658	1983	185
3045	3120	511
3576	3651	587
4063	4167	663
4272	4355	768
4471	4602	852
4866	4978	984
5330	5453	1097
5907	6002	1221
6479	6634	1317
6741	6830	1473
7279	8485	1563
0	1677	0
2739	2814	1678
3270	3345	1754
3757	3861	1830
3966	4049	1935
4165	4296	2019
4560	4672	2151
5024	5147	2264
5601	5696	2388
6173	6328	2484
6435	6524	2640
6973	8181	2730
0	178	0
314	389	179
845	920	255
1332	1436	331
1541	1624	436
1740	1871	520
2135	2247	652
2599	2722	765
3176	3271	889
3748	3903	985
4010	4099	1141
4548	5821	1231
0	607	0
20275	21615	608
47819	47951	1949
62191	62344	2082
0	180	0
19848	21188	181
42742	42864	1522
47392	47524	1645
61764	64757	1778
64813	65897	4772
0	152	0
13614	14954	153
36508	36630	1494
41158	41290	1617
55530	59665	1750
0	2315	0
5248	5342	2316
5436	5539	2411
7458	7521	2515
7697	7779	2579
12666	12844	2662
36632	36894	2841
0	3983	0
5683	6777	3984
