1	3559	5664	-	1
1	5761	10905	-	1
1	10994	14813	-	1
1	14999	15022	-	1
1	15218	18492	-	1
1	23966	27359	+	2
1	23966	30767	+	2
1	27468	30767	+	2
1	30850	33299	+	2
1	33430	38650	+	2
1	38758	39745	+	2
1	96364	128197	-	3
1	113038	113086	-	4
1	113346	113361	-	4
1	121866	121915	-	3
1	122410	122997	-	3
1	123047	128197	-	3
1	128291	131005	-	3
1	131115	132485	-	3
1	132693	147380	-	3
1	132693	151420	-	3
1	147474	151420	-	3
1	151594	160329	-	3
1	151594	171675	-	3
1	160432	171675	-	3
1	170669	171675	-	3
1	171217	171675	-	3
1	171857	174033	-	3
1	174470	174649	-	3
1	175756	186320	-	3
1	175756	186692	-	3
1	199132	199777	+	5
1	200180	200363	+	5
1	200661	201337	+	5
1	201399	201610	+	5
1	201869	203745	+	5
1	203807	204308	+	5
1	204440	204560	+	5
1	204731	204845	+	5
1	205063	206405	+	5
1	207202	207602	+	5
1	207721	207807	+	5
1	207829	209392	+	5
1	352213	353173	+	6
1	353332	353418	+	6
1	354116	354823	+	6
1	355016	355131	+	6
1	355354	355580	+	6
1	355776	355933	+	6
1	470859	470992	+	7
1	471185	471794	+	7
1	471860	474079	+	7
1	513674	515025	-	8
1	515140	515936	-	8
1	516156	516469	-	8
1	516596	517095	-	8
1	517173	518532	-	8
1	518617	525827	-	8
1	526002	527369	-	8
1	527439	528442	-	8
1	527439	529491	-	8
1	528473	529491	-	8
1	529595	530334	-	8
1	530450	531641	-	8
1	531779	532235	-	8
1	532334	534368	-	8
1	534459	534743	-	8
1	534846	535734	-	8
1	534846	537845	-	8
1	535870	537845	-	8
1	535875	537845	-	8
1	538015	538423	-	8
1	538015	540858	-	8
1	541136	546500	+	9
1	546708	549710	+	9
1	549870	551770	+	9
1	555770	559998	+	10
1	557014	559998	+	10
1	557439	559998	+	10
1	560106	563366	+	10
1	563498	564096	+	10
1	563498	564102	+	10
1	564181	565193	+	10
1	565328	565416	+	10
1	565567	566063	+	10
1	566174	567698	+	10
1	567853	570480	+	10
1	567853	574880	+	10
1	570637	574880	+	10
1	574990	575257	+	10
1	575447	576520	+	10
1	578139	578374	-	11
1	578589	586691	+	12
1	586745	586840	+	12
1	586888	593017	+	12
1	593157	598024	+	12
1	598150	600485	+	12
1	600609	601786	+	12
1	601839	602985	+	12
1	603057	604246	+	12
1	604356	608275	+	12
1	608358	609237	+	12
1	609330	610174	+	12
1	610243	610472	+	12
1	610595	611257	+	12
1	611341	617144	+	12
1	617224	618933	+	12
1	619012	626316	+	12
1	626415	627724	+	12
1	627815	631452	+	12
1	631575	632858	+	12
1	632993	633491	+	12
1	633590	635132	+	12
1	635255	641933	+	12
1	642032	643374	+	12
1	643478	653584	+	12
1	653684	719871	+	12
1	855363	857885	+	13
1	857961	859844	+	13
1	860402	861463	+	13
1	861549	863469	+	13
1	863667	865766	+	13
1	865908	866506	+	13
1	866601	867481	+	13
1	867650	867858	+	13
1	868036	868719	+	13
1	868894	869320	+	13
1	869449	869526	+	13
1	869680	870179	+	13
1	870399	871772	+	13
1	871881	872609	+	13
1	872770	874063	+	13
1	874183	874626	+	13
1	874862	876037	+	13
1	876266	876706	+	13
1	876979	877433	+	13
1	876979	878174	+	13
1	877532	878174	+	13
1	878315	880554	+	13
1	922127	922816	-	14
1	922985	923824	-	14
1	923965	924295	-	14
1	1194619	1196650	-	16
1	1196689	1197262	-	16
1	1196689	1203493	-	16
1	1197471	1203493	-	16
1	1203769	1204567	-	16
1	1204668	1233509	-	16
1	1233593	1239432	-	16
1	1239620	1262951	-	16
1	1263027	1263525	-	16
1	1263577	1266317	-	16
1	1263610	1266317	-	16
1	1266366	1279136	-	16
1	1279237	1279865	-	16
1	1279973	1289186	-	16
1	1289359	1332406	-	16
1	1414320	1419614	+	18
1	1414320	1419680	+	18
1	1419660	1419680	+	18
1	1419814	1420713	+	18
1	1420772	1420825	+	18
1	1420820	1420879	+	18
1	1421023	1421702	+	18
1	1496220	1500732	+	19
1	1496220	1507626	+	19
1	1503113	1505832	+	19
1	1505851	1506916	+	19
1	1507002	1507095	+	19
1	1507231	1507626	+	19
1	1507780	1508375	+	19
1	1508512	1510451	+	19
1	1508512	1510452	+	19
1	1510543	1513686	+	19
1	1513767	1514056	+	19
1	1514134	1515014	+	19
1	1515202	1515300	+	19
1	1515457	1515993	+	19
1	1516060	1516258	+	19
1	1516328	1516855	+	19
1	1517031	1517610	+	19
1	1517899	1519441	+	19
1	1519522	1520105	+	19
1	1527670	1527930	-	20
1	1528087	1528411	-	20
1	1528551	1530101	-	20
1	1530274	1531347	-	20
1	1531522	1535190	-	20
1	1535329	1536756	-	20
1	1536832	1537740	-	20
1	1582187	1584179	-	21
1	1585128	1585828	-	21
1	1586009	1586304	-	21
1	1586397	1586977	-	21
1	1587173	1588147	-	21
1	1588267	1588645	-	21
1	1588720	1588881	-	21
1	1588948	1600086	-	21
1	1600174	1602650	-	21
1	1602755	1606214	-	21
1	1606414	1608254	-	21
1	1608399	1609720	-	21
1	1609987	1610327	-	21
1	1610423	1611008	-	21
1	1611155	1611854	-	21
1	1611155	1614002	-	21
1	1611876	1614002	-	21
1	1614209	1614321	-	21
1	1614384	1617344	-	21
1	1617464	1619969	-	21
1	1620040	1625112	-	21
1	1625376	1626217	-	21
1	1626313	1630289	-	21
1	1626313	1633213	-	21
1	1630335	1633213	-	21
1	1633382	1634703	-	21
1	1634816	1639165	-	21
1	1639324	1654691	-	21
1	1654853	1657902	-	21
1	1658067	1659534	-	21
1	1659651	1663597	-	21
1	1663794	1664543	-	21
1	1663794	1697099	-	21
1	1663794	1698343	-	21
1	1920838	1939606	+	23
1	1930171	1939606	+	23
1	1938531	1939606	+	23
1	1939737	1944519	+	23
1	1943591	1944519	+	23
1	1944702	1946263	+	23
1	1946494	1948389	+	23
1	1948516	1950090	+	23
1	1950306	1950779	+	23
1	1950916	1951922	+	23
1	1952055	1957442	+	23
1	1974768	1974808	+	24
1	1974954	1974978	+	24
1	1975448	1975687	+	24
1	1975905	1975939	+	24
1	1976059	1976075	+	24
1	1986454	1987270	-	25
1	1987372	1988822	-	25
1	1988902	1989348	-	25
1	1989505	1992318	-	25
1	1992529	1995992	-	25
1	2019726	2019808	-	27
1	2070637	2074677	+	28
1	2074643	2074709	+	28
1	2074795	2074837	+	28
1	2074797	2074811	+	28
1	2096007	2097581	-	29
1	2097679	2098660	-	29
1	2098701	2101547	-	29
1	2101617	2103122	-	29
1	2103236	2104932	-	29
1	2105157	2111126	-	29
1	2105157	2113533	-	29
1	2111187	2113533	-	29
1	2113615	2116390	-	29
1	2116529	2116967	-	29
1	2117057	2117532	-	29
1	2117588	2119950	-	29
1	2120005	2120657	-	29
1	2146635	2147153	+	30
1	2146923	2147153	+	30
1	2147319	2149552	+	30
1	2149614	2151807	+	30
1	2151864	2153172	+	30
1	2153231	2155845	+	30
1	2155920	2159164	+	30
1	2159279	2161090	+	30
1	2161137	2162925	+	30
1	2161137	2163683	+	30
1	2163001	2163683	+	30
1	2163763	2163816	+	30
1	2204035	2207820	+	31
1	2207881	2262101	+	31
1	2262013	2262101	+	31
1	2262153	2436564	+	31
1	2321104	2436564	+	31
1	2323420	2436564	+	31
1	2374221	2436564	+	31
1	2375362	2436564	+	31
1	2375362	2441932	+	31
1	2436682	2441932	+	31
1	2442015	2457745	+	31
1	2457827	2460605	+	31
1	2460686	2461655	+	31
1	2461763	2464308	+	31
1	2464347	2466669	+	31
1	2466813	2469878	+	31
1	2469950	2471568	+	31
1	2471658	2486444	+	31
1	2486510	2492455	+	31
1	2492559	2497079	+	31
1	2497211	2498650	+	31
1	2498777	2506524	+	31
1	2506615	2507249	+	31
1	2507408	2509097	+	31
1	2509261	2512508	+	31
1	2509261	2514525	+	31
1	2512586	2514525	+	31
1	2514643	2517940	+	31
1	2518079	2519630	+	31
1	2541700	2549445	+	32
1	2549450	2551157	+	32
1	2551255	2551896	+	32
1	2552030	2552363	+	32
1	2568555	2570291	-	33
1	2570306	2572790	-	33
1	2572800	2572973	-	33
1	2572989	2574776	-	33
1	2574812	2581956	-	33
1	2576955	2585688	+	34
1	2585776	2586619	+	34
1	2586703	2587777	+	34
1	2587860	2588778	+	34
1	2588815	2590420	+	34
1	2590480	2591684	+	34
1	2591715	2592992	+	34
1	2599793	2601556	+	35
1	2601937	2601947	+	35
1	2608928	2610533	+	36
1	2610651	2611917	+	36
1	2612178	2612283	+	36
1	2612534	2613589	+	36
1	2677630	2677938	+	37
1	2678100	2678322	+	37
1	2678819	2679494	+	37
1	2716774	2717187	+	38
1	2717371	2717860	+	38
1	2718126	2719099	+	38
1	2719235	2719953	+	38
1	2720016	2720135	+	38
1	2720198	2721785	+	38
1	2720198	2721788	+	38
1	2721963	2722991	+	38
1	2723122	2724702	+	38
1	2776996	2781855	-	39
1	2780328	2781855	-	39
1	2782083	2782488	-	39
1	2782605	2782725	-	39
1	2882476	3073442	+	40
1	3073578	3238763	+	40
1	3121133	3238763	+	40
1	3238893	3285108	+	40
1	3285138	3302131	+	40
1	3302253	3302752	+	40
1	3302803	3314471	+	40
1	3314613	3319773	+	40
1	3319930	3321370	+	40
1	3321422	3322208	+	40
1	3322268	3324412	+	40
1	3324465	3331635	+	40
1	3331779	3334390	+	40
1	3334484	3337270	+	40
1	3337458	3351465	+	40
1	3351609	3353939	+	40
1	3354024	3355458	+	40
1	3355610	3359194	+	40
1	3359351	3368366	+	40
1	3368540	3383386	+	40
1	3383498	3386467	+	40
1	3409333	3409367	+	43
1	3409638	3409658	+	43
1	3409855	3410672	+	43
1	3410838	3415155	+	43
1	3415281	3421469	+	43
1	3421678	3424190	+	43
1	4732920	4733375	-	44
1	4738548	4742478	-	44
1	4742554	4745307	-	44
1	4743340	4745307	-	44
1	4744600	4745307	-	44
1	4745584	4746968	-	44
1	4745608	4746968	-	44
1	4747057	4775754	-	44
1	4775899	4806600	-	44
1	4775899	4822371	-	44
1	4775899	4843272	-	44
1	4806640	4822371	-	44
1	4822489	4843272	-	44
1	4843416	4881815	-	44
1	4843416	4883099	-	44
1	4968386	5181123	-	45
1	5181274	5206929	-	45
1	5207102	5396371	-	45
1	5396507	5464743	-	45
1	5679031	5698509	+	48
1	5698674	5858869	+	48
1	5859099	5922520	+	48
1	5859099	5922523	+	48
1	5922643	6068631	+	48
1	6068716	6138011	+	48
1	6138128	6291152	+	48
1	6291290	6511281	+	48
1	6511344	6525102	+	48
1	6511344	6692614	+	48
1	6525253	6692614	+	48
1	6692699	6724332	+	48
1	6724451	6729733	+	48
1	6772565	6807714	+	49
1	6807980	6864826	+	49
1	6864997	6872712	+	49
1	6872875	6873187	+	49
1	6873342	6876095	+	49
1	6876199	6878282	+	49
1	6878359	6880546	+	49
1	6880682	6880732	+	49
1	6880746	6883018	+	49
1	6891772	6893110	-	50
1	6893291	6895016	-	50
1	6895124	6896013	-	50
1	6896137	6898048	-	50
1	6898209	6899087	-	50
1	6899205	6900699	-	50
1	6900771	6902048	-	50
1	6902241	6904727	-	50
1	6904809	6905474	-	50
1	6905576	6908552	-	50
1	6905576	6909504	-	50
1	6908700	6909504	-	50
1	6909602	6912979	-	50
1	6913047	6914023	-	50
1	6914103	6914305	-	50
1	6914440	6914922	-	50
1	6915085	6917400	-	50
1	6917551	6918810	-	50
1	6919074	6920998	+	51
1	6919078	6920969	-	50
1	6921040	6921126	+	51
1	6921054	6921140	-	50
1	6921190	6922926	+	51
1	6921241	6922950	-	50
1	6923059	6926578	+	51
1	6923068	6926584	-	50
1	6926743	6932377	-	50
1	6932525	6935648	-	50
1	6935892	6951211	-	50
1	6952576	6962803	-	50
1	6962995	7049430	-	50
1	7062509	7067125	+	52
1	7067262	7068604	+	52
1	7068712	7073511	+	52
1	7073627	7075217	+	52
1	7075358	7077132	+	52
1	7077254	7079657	+	52
1	7079777	7080900	+	52
1	7081064	7081950	+	52
1	7082097	7085551	+	52
1	7085712	7091591	+	52
1	7091771	7093462	+	52
1	7093612	7094712	+	52
1	7094807	7097917	+	52
1	7098039	7099876	+	52
1	7099952	7100528	+	52
1	7100670	7102796	+	52
1	7102904	7108363	+	52
1	7108510	7109116	+	52
1	7112148	7117528	-	53
1	7117629	7120660	-	53
1	7120774	7121721	-	53
1	7121831	7130416	-	53
1	7130632	7130750	-	53
1	7130849	7160498	-	53
1	7160617	7161459	-	53
1	7161629	7163660	-	53
1	7163816	7166144	-	53
1	7166249	7206882	-	53
1	7290263	7291929	+	55
1	7292034	7298621	+	55
1	7298777	7301038	+	55
1	7301208	7306569	+	55
1	7306685	7308293	+	55
1	7308401	7309874	+	55
1	7310090	7311178	+	55
1	7311288	7312167	+	55
1	7312281	7316278	+	55
1	7316379	7321788	+	55
1	7340881	7342539	-	56
1	7342640	7344412	-	56
1	7342640	7347311	-	56
1	7344526	7347311	-	56
1	7347421	7351124	-	56
1	7351340	7354890	-	56
1	7355001	7355237	-	56
1	7355353	7356234	-	56
1	7356404	7357360	-	56
1	7357452	7357452	-	56
1	7357483	7357483	-	56
1	7357515	7359014	-	56
1	7357516	7359014	-	56
1	7359119	7365013	-	56
1	7369892	7371042	-	57
1	7371113	7372067	-	57
1	7372218	7375883	-	57
1	7376071	7378334	-	57
1	7378523	7379090	-	57
1	7379238	7380001	-	57
1	7380117	7381307	-	57
1	7381445	7382164	-	57
1	7382400	7383622	-	57
1	7383770	7384053	-	57
1	7384262	7386166	-	57
1	7386329	7389021	-	57
1	7389172	7391063	-	57
1	7391283	7391793	-	57
1	7392051	7392375	-	57
1	7392496	7393235	-	57
1	7393363	7394693	-	57
1	7394885	7395905	-	57
1	7396043	7400285	-	57
1	7400384	7400633	-	57
1	7400765	7401785	-	57
1	7402002	7402446	-	57
1	7402535	7402773	-	57
1	7402950	7403027	-	57
1	7403172	7403728	-	57
1	7403900	7406083	-	57
1	7406280	7408089	-	57
1	7408192	7409168	-	57
1	7409271	7411507	-	57
1	7411688	7413087	-	57
1	7413257	7413685	-	57
1	7413802	7414413	-	57
1	7414592	7415039	-	57
1	7415188	7415778	-	57
1	7415917	7420395	-	57
1	7420540	7421863	-	57
1	7422005	7424285	-	57
1	7424451	7429735	-	57
1	7429840	7430656	-	57
1	7430823	7430976	-	57
1	7431140	7433588	-	57
1	7433695	7435775	-	57
1	7435906	7437106	-	57
1	7437240	7441990	-	57
1	7442090	7443938	-	57
1	7444064	7452879	-	57
1	7453020	7472243	-	57
1	7560480	7562098	-	59
1	7562198	7562307	-	59
1	7562484	7562791	-	59
1	7562926	7564661	-	59
1	7564722	7565055	-	59
1	7565121	7567047	-	59
1	7567104	7568955	-	59
1	7569042	7570616	-	59
1	7570687	7571193	-	59
1	7571338	7571485	-	59
1	7571563	7573232	-	59
1	7573334	7574879	-	59
1	7574969	7575119	-	59
1	7575244	7576012	-	59
1	7576053	7578241	-	59
1	7578316	7578607	-	59
1	7582127	7582905	-	60
1	7583138	7588690	-	60
1	7588878	7589176	-	60
1	7588878	7589911	-	60
1	7590389	7590764	+	61
1	7590389	7591546	+	61
1	7591633	7591842	+	61
1	7591972	7592914	+	61
1	7593013	7593400	+	61
1	7593512	7593806	+	61
1	7593989	7594611	+	61
1	7594739	7598205	+	61
1	7598382	7598842	+	61
1	7598967	7599265	+	61
1	7599459	7599609	+	61
1	7599774	7600412	+	61
1	7601124	7601768	+	61
1	7601124	7601768	-	63
1	7601880	7602887	-	63
1	7603043	7603698	-	63
1	7603822	7605073	-	63
1	7605218	7606204	-	63
1	7606323	7608264	-	63
1	7608447	7611850	-	63
1	7611986	7612171	-	63
1	7611986	7612699	-	63
1	7623839	7624771	-	65
1	7624927	7630577	-	65
1	7630361	7630577	-	65
1	7630757	7635185	-	65
1	7635314	7636588	-	65
1	7636648	7640069	-	65
1	7640126	7642841	-	65
1	7642880	7651106	-	65
1	7642880	7651409	-	65
1	7679694	7680047	+	66
1	7680064	7680138	+	66
1	7680251	7684075	+	66
1	7680251	7686760	+	66
1	7684193	7686760	+	66
1	7686941	7688734	+	66
1	8008110	8010482	-	67
1	8010606	8012061	-	67
1	8012224	8013016	-	67
1	8013047	8016402	-	67
1	8016483	8021460	-	67
1	8021570	8026796	-	67
1	8027028	8029024	-	67
1	8029184	8031193	-	67
1	8031263	8039460	-	67
1	8039571	8039635	-	67
1	8039571	8039662	-	67
1	8039892	8040954	-	67
1	8041067	8044474	-	67
1	8044576	8045542	-	67
1	8045808	8045827	-	67
1	8045823	8045848	-	67
1	8046052	8046120	-	67
1	8046330	8046362	-	67
1	8046419	8046544	-	67
1	8046875	8046886	-	67
1	8046880	8046900	-	67
1	8047256	8047291	-	67
1	8047436	8047468	-	67
1	8047547	8047570	-	67
1	8047644	8047670	-	67
1	8047644	8047718	-	67
1	8047773	8047795	-	67
1	8048151	8050068	-	67
1	8048158	8050057	-	67
1	8050258	8053180	-	67
1	8053289	8053997	-	67
1	8054186	8055372	-	67
1	8055491	8056965	-	67
1	8057065	8060533	-	67
1	8060741	8078507	-	67
1	8060741	8081390	-	67
1	8078577	8078980	-	67
1	8079068	8081390	-	67
1	8081586	8083381	-	67
1	8081586	8085479	-	67
1	8168909	8176958	-	68
1	8177109	8177302	-	68
1	8177548	8178052	-	68
1	8209409	8210008	+	69
1	8210094	8210180	+	69
1	8210235	8210540	+	69
1	8210608	8212222	+	69
1	8212390	8213047	+	69
1	8213210	8213695	+	69
1	8213806	8215203	+	69
1	8215400	8215952	+	69
1	8216068	8216704	+	69
1	8243341	8244353	+	70
1	8243614	8243941	+	70
1	8243803	8243815	+	70
1	8244105	8244137	+	70
1	8244168	8244188	+	70
1	8244411	8249317	+	70
1	8247669	8249317	+	70
1	8249394	8258342	+	70
1	8249406	8258342	+	70
1	8258485	8259793	+	70
1	8259940	8261199	+	70
1	8261404	8263145	+	70
1	8263309	8264854	+	70
1	8264942	8265352	+	70
1	8265472	8265489	+	70
1	8265547	8265573	+	70
1	8403530	8404486	+	71
1	8404573	8429563	+	71
1	8429648	8434506	+	71
1	8434603	8435442	+	71
1	8435718	8436292	+	71
1	8436377	8437040	+	71
1	8437188	8444129	+	71
1	8444227	8448683	+	71
1	8448848	8449050	+	71
1	8449182	8449791	+	71
1	8449953	8450208	+	71
1	8450302	8451465	+	71
1	8451715	8451806	+	71
1	8453618	8454594	-	72
1	8454801	8455790	-	72
1	8455897	8456806	-	72
1	8456907	8458941	-	72
1	8459113	8461006	-	72
1	8461110	8470806	-	72
1	8470986	8482246	-	72
1	8482382	8487559	-	72
1	8487685	8489781	-	72
1	8489861	8491391	-	72
1	8491518	8516758	-	72
1	8516817	8533191	-	72
1	8533411	8536271	-	72
1	8556141	8558748	+	73
1	8558791	8561662	+	73
1	8561787	8562118	+	73
1	8562197	8562475	+	73
1	8566830	8567229	-	74
1	8567297	8568154	-	74
1	8568237	8569176	-	74
1	8569232	8571444	-	74
1	8571497	8572072	-	74
1	8572176	8574423	-	74
1	8574482	8574707	-	74
1	8574800	8575032	-	74
1	8575164	8575642	-	74
1	8575743	8576774	-	74
1	8576856	8586432	-	74
1	8586460	8586485	-	74
1	8586543	8589930	-	74
1	8590053	8592288	-	74
1	8592380	8597912	-	74
1	8598061	8635294	-	74
1	8635414	8635438	-	74
1	8635470	8635517	-	74
1	8655567	8656737	-	75
1	8658308	8658372	-	75
1	8658777	8658796	-	75
1	8659204	8661516	-	75
1	8661661	8665556	-	75
1	8665651	8666464	-	75
1	8666610	8669579	-	75
1	8669725	8679440	-	75
1	8679676	8680804	-	75
1	8681030	8692073	-	75
1	8692241	8696308	-	75
1	8696444	8698560	-	75
1	8698742	8729491	-	75
1	8729654	8738041	-	75
1	8738171	8822876	-	75
1	8765349	8767044	+	76
1	8765502	8767044	+	76
1	8766039	8767022	+	76
1	8767107	8767148	+	76
1	8928819	8933755	-	77
1	8933829	8934938	-	77
1	8935180	8949348	+	78
1	8935218	8949348	+	78
1	8949447	8952065	+	78
1	8949447	8958082	+	78
1	8952103	8954954	+	78
1	8955092	8958082	+	78
1	8958173	8959766	+	78
1	8959899	8962418	+	78
1	8962541	8964036	+	78
1	8964166	8975155	+	78
1	8975270	8977546	+	78
1	8977710	8991773	+	78
1	8991925	8993129	+	78
1	8993272	8994213	+	78
1	8994309	8995820	+	78
1	8995919	8997082	+	78
1	8997266	8998331	+	78
1	8998476	9000091	+	78
1	9017587	9018519	-	79
1	9017587	9019117	-	79
1	9018670	9019117	-	79
1	9019270	9021048	-	79
1	9021158	9022902	-	79
1	9023016	9024720	-	79
1	9024856	9026688	-	79
1	9026863	9027586	-	79
1	9027756	9028310	-	79
1	9028390	9028488	-	79
1	9028708	9032775	-	79
1	9032894	9034251	-	79
1	9034409	9036484	-	79
1	9036644	9038440	-	79
1	9038634	9040279	-	79
1	9040421	9041103	-	79
1	9041186	9041997	-	79
1	9042190	9045149	-	79
1	9045316	9045398	-	79
1	9045549	9046247	-	79
1	9046330	9047805	-	79
1	9047979	9050501	-	79
1	9050599	9053635	-	79
1	9053698	9060509	-	79
1	9060594	9069029	-	79
1	9069256	9073844	-	79
1	9074116	9082920	-	79
1	9083008	9108799	-	79
1	9131894	9133119	-	80
1	9133212	9135289	-	80
1	9135405	9138239	-	80
1	9138330	9139950	-	80
1	9140028	9145727	-	80
1	9145806	9148840	-	80
1	9148945	9150604	-	80
1	9150709	9153130	-	80
1	9153262	9158691	-	80
1	9158810	9158929	-	80
1	9159056	9161936	-	80
1	9162022	9167470	-	80
1	9167622	9169432	-	80
1	9169599	9176634	-	80
1	9169599	9191140	-	80
1	9176719	9191140	-	80
1	9191267	9192612	-	80
1	9192688	9192786	-	80
1	9192688	9195338	-	80
1	9195426	9238739	-	80
1	9209315	9209363	+	81
1	9209429	9209522	+	81
1	9209774	9209790	+	81
1	9210002	9210020	+	81
1	9210054	9210146	+	81
1	9210185	9210263	+	81
1	9210495	9210513	+	81
1	9350269	9350329	-	82
1	9352332	9368794	-	82
1	9368898	9374191	-	82
1	9374302	9375870	-	82
1	9375974	9390135	-	82
1	9390185	9393393	-	82
1	9393532	9423376	-	82
1	9423536	9459835	-	82
1	9459997	9619394	-	82
1	9668017	9668501	+	84
1	9668603	9671386	+	84
1	9671525	9717635	+	84
1	9794771	9797464	-	85
1	9797596	9799520	-	85
1	9800305	9801639	-	85
1	9801737	9805066	-	85
1	9805218	9810580	-	85
1	9810754	9811007	-	85
1	9811147	9817279	-	85
1	9817485	9820783	-	85
1	9820994	9827302	-	85
1	9820994	9828181	-	85
1	9827462	9828181	-	85
1	9828274	9834800	-	85
1	9828292	9834800	-	85
1	9834947	9857294	-	85
1	9834947	9859331	-	85
1	9857424	9859331	-	85
1	9859660	9873357	-	85
1	9873538	9893444	-	85
1	9893535	9923613	-	85
1	9923858	9976154	-	85
1	9923858	10070671	-	85
1	9976197	10070671	-	85
1	10070783	10099394	-	85
1	10099545	10175651	-	85
1	10175847	10225735	-	85
1	10175847	10227669	-	85
1	11441996	11442040	+	87
1	11442109	11442125	+	87
1	11442386	11442461	+	87
1	11442521	11442546	+	87
1	11446108	11446736	+	88
1	11446833	11446949	+	88
1	11447061	11448027	+	88
1	11448113	11456382	+	88
1	11456529	11459009	+	88
1	11459192	11463399	+	88
1	11463530	11468471	+	88
1	11468565	11470413	+	88
1	11470668	11476605	+	88
1	11476769	11486956	+	88
1	11487104	11491533	+	88
1	11491659	11500851	+	88
1	11566438	11569080	+	89
1	11569233	11584816	+	89
1	11584926	11586273	+	89
1	11586426	11595993	+	89
1	11596114	11639845	+	89
1	11639974	11648137	+	89
1	11649616	11651385	-	91
1	11649714	11653851	+	89
1	11651541	11651884	-	91
1	11651973	11653145	-	91
1	11653252	11653817	-	91
1	11653877	11654688	-	91
1	11654798	11656689	-	91
1	11656809	11658687	-	91
1	11658868	11663342	-	91
1	11663452	11665440	-	91
1	11665567	11666405	-	91
1	11666475	11669199	-	91
1	11669380	11677695	-	91
1	11669380	11682769	-	91
1	11669380	11690085	-	91
1	11669380	11690580	-	91
1	11669380	11694104	-	91
1	11678454	11682769	-	91
1	11694209	11716216	-	91
1	11716481	11717397	-	91
1	11717491	11719526	-	91
1	11719606	11720669	-	91
1	11720775	11722970	-	91
1	11723133	11731351	-	91
1	11723133	11734550	-	91
1	11731424	11734550	-	91
1	11734698	11735345	-	91
1	11735532	11750858	-	91
1	11751084	11753692	-	91
1	11753866	11759281	-	91
1	11759718	11764687	-	91
1	11765864	11768178	-	91
1	11768290	11798990	-	91
1	11930068	12041131	-	92
1	11973249	12041131	-	92
1	12042597	12043666	-	92
1	12042597	12046382	-	92
1	12043886	12046382	-	92
1	12046452	12048328	-	92
1	12048474	12050188	-	92
1	12050323	12052200	-	92
1	12052358	12053594	-	92
1	12053709	12056479	-	92
1	12056581	12058731	-	92
1	12058926	12060341	-	92
1	12060455	12060957	-	92
1	12061090	12064956	-	92
1	12065075	12067136	-	92
1	12067214	12068442	-	92
1	12067217	12068442	-	92
1	12068620	12071469	-	92
1	12071601	12072966	-	92
1	12073121	12074756	-	92
1	12074919	12082333	-	92
1	12082379	12086507	-	92
1	12086592	12116162	-	92
1	12086592	12121839	-	92
1	12086592	12146298	-	92
1	12116227	12121839	-	92
1	12121910	12121990	-	92
1	12221191	12225853	+	93
1	12221603	12225853	+	93
1	12222828	12225851	+	93
1	12225025	12225853	+	93
1	12225945	12226216	+	93
1	12298226	12353963	+	94
1	12354128	12361986	+	94
1	12362190	12362706	+	94
1	12362795	12369902	+	94
1	12369945	12373576	+	94
1	12373697	12376069	+	94
1	12376130	12381441	+	94
1	12381511	12382020	+	94
1	12382168	12387962	+	94
1	12388088	12391905	+	94
1	12392115	12392604	+	94
1	12392695	12395388	+	94
1	12528867	12551027	+	95
1	12551102	12552547	+	95
1	12552620	12559394	+	95
1	12559454	12560745	+	95
1	12560835	12571855	+	95
1	12560837	12571901	+	95
1	12571943	12571977	+	95
1	12572041	12572072	+	95
1	12572050	12572072	+	95
1	12572227	12589412	+	95
1	12589450	12589475	+	95
1	12589606	12597538	+	95
1	12634603	12653097	-	96
1	12653619	12654467	-	96
1	12654821	12701776	-	96
1	12701994	12702709	-	96
1	13340483	13408872	+	97
1	13409017	13428585	+	97
1	13428676	13430753	+	97
1	13430989	13438229	+	97
1	13446791	13449720	+	98
1	13449801	13452687	+	98
1	13452872	13453394	+	98
1	13453559	13455608	+	98
1	13455727	13456862	+	98
1	13457000	13457927	+	98
1	13467686	13472924	+	99
1	13473643	13475734	+	99
1	13475826	13476753	+	99
1	13475826	13477627	+	99
1	13476937	13477627	+	99
1	13612162	13614043	-	100
1	13614133	13614954	-	100
1	13615087	13615812	-	100
1	13615918	13616858	-	100
1	13616973	13618806	-	100
1	13618921	13620102	-	100
1	13633333	13633588	+	101
1	13633603	13642481	+	101
1	13642489	13644527	+	101
1	13644544	13655686	+	101
1	13653832	13667009	-	102
1	13655709	13660558	+	101
1	13660567	13663661	+	101
1	13663697	13664076	+	101
1	13664100	13665226	+	101
1	13665237	13665375	+	101
1	13665386	13667272	+	101
1	13715896	13723160	+	103
1	13723448	13803994	+	103
1	13804057	13827080	+	103
1	13827177	13834562	+	103
1	13834647	13841700	+	103
1	13841791	13842702	+	103
1	13841794	13842705	+	103
1	13842885	13847996	+	103
1	13848194	13851598	+	103
1	13851709	13855409	+	103
1	13851709	13859887	+	103
1	13855461	13859887	+	103
1	13859996	13862925	+	103
1	13863064	13864581	+	103
1	13864747	13872510	+	103
1	13872624	13873158	+	103
1	13873328	13878490	+	103
1	13878588	13879847	+	103
1	13880051	13882412	+	103
1	13882578	13883038	+	103
1	13883192	13884170	+	103
1	13884315	13887075	+	103
1	13887250	13889962	+	103
1	13890122	13890419	+	103
1	13890585	13892794	+	103
1	13892930	13895563	+	103
1	13895723	13895921	+	103
1	13896131	13896771	+	103
1	13896878	13898681	+	103
1	13896881	13898684	+	103
1	13898850	13899802	+	103
1	13899971	13901731	+	103
1	13901903	13902924	+	103
1	13903066	13906786	+	103
1	13906948	13909644	+	103
1	13909796	13912905	+	103
1	13909820	13912920	+	103
1	13913134	13913499	+	103
1	13913551	14042932	+	103
1	14018861	14019754	+	104
1	14022648	14022832	+	105
1	14022956	14023434	+	105
1	14023618	14024684	+	105
1	14024829	14028893	+	105
1	14029093	14032800	+	105
1	14070135	14073310	+	106
1	14073551	14074142	+	106
1	14074353	14079140	+	106
1	14079243	14082237	+	106
1	14082358	14083885	+	106
1	14084087	14087203	+	106
1	14087378	14089094	+	106
1	14089227	14090109	+	106
1	14090192	14091783	+	106
1	14151645	14156375	+	107
1	14156539	14165761	+	107
1	14165950	14166869	+	107
1	14167021	14171665	+	107
1	14171849	14172110	+	107
1	14172249	14173906	+	107
1	14174099	14174821	+	107
1	14175156	14178457	+	107
1	14178601	14180278	+	107
1	14180406	14181164	+	107
1	14181377	14184672	+	107
1	14184874	14186644	+	107
1	14186774	14188621	+	107
1	14188835	14190407	+	107
1	14190501	14191922	+	107
1	14191982	14200726	+	107
1	14221569	14226060	-	108
1	14226245	14252026	-	108
1	14252161	14295938	-	108
1	14296078	14373972	-	108
1	14374309	14416334	-	108
1	14416452	14456952	-	108
1	14457144	14490713	-	108
1	14491236	14491565	-	108
1	14491236	14491706	-	108
1	14491236	14493243	-	108
1	14491236	14507519	-	108
1	14495670	14662108	-	109
1	14507716	14662108	-	109
1	14646593	14662108	-	109
1	14659898	14662108	-	109
1	14662346	14674474	-	109
1	14674718	14678285	-	109
1	14678460	14684255	-	109
1	14678460	14691077	-	109
1	14684457	14691077	-	109
1	14691396	14708779	-	109
1	14708966	14711801	-	109
1	14711947	14717657	-	109
1	14717915	14720331	-	109
1	14720461	14750695	-	109
1	14778722	14784420	-	110
1	14784587	14791351	-	110
1	14791597	14792321	-	110
1	14792428	14795227	-	110
1	14795886	14800956	+	111
1	14801448	14810159	+	111
1	14810269	14813379	+	111
1	14813456	14815781	+	111
1	14815822	14817547	+	111
1	14817649	14820202	+	111
1	14820310	14821700	+	111
1	14821766	14822525	+	111
1	14822603	14825276	+	111
1	14822603	14838507	+	111
1	14825398	14851058	+	111
1	14838629	14851058	+	111
1	14851176	14851806	+	111
1	14866372	14892180	+	112
1	14866882	14885959	+	112
1	14886145	14892180	+	112
1	14906870	14908206	-	113
1	14909989	14910024	-	113
1	14909989	14910036	-	113
1	14910190	14910243	-	113
1	14910220	14910243	-	113
1	14910243	14910266	-	113
1	14911054	14911074	-	113
1	14911063	14911074	-	113
1	14911299	14911321	-	113
1	14911968	14912062	-	113
1	14911991	14912052	-	113
1	14913053	14916210	-	113
1	14913053	14956671	-	113
1	14956784	15016679	-	113
1	15148560	15194007	-	114
1	15194161	15196959	-	114
1	15197068	15213062	-	114
1	15213241	15213794	-	114
1	15213896	15214949	-	114
1	15214992	15224463	-	114
1	15224604	15245643	-	114
1	15245756	15250712	-	114
1	15250782	15255346	-	114
1	15255488	15258073	-	114
1	15258136	15264019	-	114
1	15264123	15266273	-	114
1	15266349	15267538	-	114
1	15267647	15269802	-	114
1	15269850	15271698	-	114
1	15271836	15281912	-	114
1	15282087	15284660	-	114
1	15284759	15286492	-	114
1	15286566	15293442	-	114
1	15286582	15293461	-	114
1	15293574	15310675	-	114
1	15310813	15312129	-	114
1	15312231	15313779	-	114
1	15313905	15318296	-	114
1	15318351	15318437	-	114
1	15318489	15320264	-	114
1	15320348	15324944	-	114
1	15320350	15329566	-	114
1	15345459	15351836	-	115
1	15351973	15351992	-	115
1	15353457	15361774	-	115
1	15361834	15363662	-	115
1	15363759	15366751	-	115
1	15366786	15373484	-	115
1	15373572	15373756	-	115
1	15373853	15373940	-	115
1	15374124	15376513	-	115
1	15376646	15381004	-	115
1	15381156	15387466	-	115
1	15387514	15393128	-	115
1	15393199	15408442	-	115
1	15408544	15442941	-	115
1	15731058	15731082	+	117
1	15758061	15758856	-	118
1	15758989	15761916	-	118
1	15762074	15765993	-	118
1	15766154	15767627	-	118
1	15767820	15778964	-	118
1	15869445	15889610	-	119
1	15889644	15891291	-	119
1	15891376	15949513	-	119
1	16007847	16010847	+	120
1	16011112	16011832	+	120
1	16012109	16012767	+	120
1	16024159	16024724	+	121
1	16043579	16044623	+	122
1	16044799	16045438	+	122
1	16045703	16045933	+	122
1	16046216	16047416	+	122
1	16058562	16058792	-	123
1	16059057	16059646	-	123
1	16097475	16097509	-	124
1	16097727	16097993	-	124
1	16098115	16098134	-	124
1	16098161	16098721	-	124
1	16114325	16115470	-	125
1	16115610	16116213	-	125
1	16116490	16116710	-	125
1	16116975	16119102	-	125
1	16140207	16149006	+	126
1	16149165	16150648	+	126
1	16149165	16172774	+	126
1	16150727	16172774	+	126
1	16172917	16177040	+	126
1	16177167	16177263	+	126
1	16177167	16178596	+	126
1	16177167	16192949	+	126
1	16177300	16178596	+	126
1	16178804	16192949	+	126
1	16193046	16197064	+	126
1	16199246	16201972	-	127
1	16203662	16213408	-	127
1	16213626	16218320	-	127
1	16218407	16220275	-	127
1	16220397	16223910	-	127
1	16224016	16233298	-	127
1	16233331	16233882	-	127
1	16233331	16234546	-	127
1	16234079	16234546	-	127
1	16234652	16249291	-	127
1	16251960	16252265	+	128
1	16252389	16253241	+	128
1	16252389	16255229	+	128
1	16253320	16255229	+	128
1	16255411	16256789	+	128
1	16256926	16258379	+	128
1	16258532	16261562	+	128
1	16261686	16265088	+	128
1	16266678	16267024	+	128
1	16272748	16274832	-	129
1	16275190	16282639	+	130
1	16283115	16290201	+	130
1	16290350	16299707	+	130
1	16301219	16303724	+	130
1	16304308	16307507	+	130
1	16307691	16307886	+	130
1	16307994	16316807	+	130
1	16331174	16335744	+	131
1	16331180	16331476	+	131
1	16331561	16335742	+	131
1	16335920	16337728	+	131
1	16337887	16341533	+	131
1	16341715	16352298	+	131
1	16352421	16354442	+	131
1	16354549	16355944	+	131
1	16356104	16357013	+	131
1	16357141	16357847	+	131
1	16357983	16358926	+	131
1	16359054	16360450	+	131
1	16363159	16366074	-	132
1	16366239	16368498	-	132
1	16368633	16369648	-	132
1	16369806	16370924	-	132
1	16371077	16374088	-	132
1	16374186	16374354	-	132
1	16374415	16381697	-	132
1	16401088	16406040	+	133
1	16406109	16406193	+	133
1	16406259	16406807	+	133
1	16406926	16407561	+	133
1	16407705	16409725	+	133
1	16409823	16410578	+	133
1	16410696	16413831	+	133
1	16413957	16415660	+	133
1	16415728	16420172	+	133
1	16420285	16423842	+	133
1	16423940	16429100	+	133
1	16429249	16442856	+	133
1	16463864	16473174	+	134
1	16465312	16473174	+	134
1	16473556	16486966	+	134
1	16487107	16492528	+	134
1	16492764	16496029	+	134
1	16496137	16497241	+	134
1	16535327	16539088	-	135
1	16539170	16540585	-	135
1	16540680	16540890	-	135
1	16541052	16558807	-	135
1	16560306	16565895	-	135
1	16566087	16578991	-	135
1	16566087	16584463	-	135
1	16566087	16610869	-	135
1	16579039	16584463	-	135
1	16584613	16610869	-	135
1	16584626	16601072	-	135
1	16841645	16843186	-	136
1	16843467	16889777	-	136
1	16889936	16891824	-	136
1	16891923	16940018	-	136
1	16940173	16951416	-	136
1	16951497	16963981	-	136
1	16964138	17020379	-	136
1	17020424	17137601	-	136
1	17138010	17138110	-	136
1	17310005	17311856	-	137
1	17311989	17313635	-	137
1	17314781	17321966	-	137
1	17322081	17326397	-	137
1	17326549	17327336	-	137
1	17327547	17328294	-	137
1	17328465	17330102	-	137
1	17330239	17333906	-	137
1	17334051	17335536	-	137
1	17335612	17341475	-	137
1	17341823	17347030	-	137
1	17347164	17372567	-	137
1	17372670	17382407	-	137
1	17382521	17386567	-	137
1	17386655	17389891	-	137
1	17389933	17402159	-	137
1	17389933	17416513	-	137
1	17416564	17416713	-	137
1	17416564	17463450	-	137
1	17416765	17463450	-	137
1	17416774	17451299	-	137
1	17463580	17511528	-	137
1	17463580	17574135	-	137
1	17463580	17662780	-	137
1	18284280	18289293	-	139
1	18345818	18346352	-	140
1	18349488	18351410	-	140
1	18351632	18358276	-	140
1	18358389	18366730	-	140
1	18366897	18367174	-	140
1	18367545	18370594	-	140
1	18370835	18376504	-	140
1	18376556	18388708	-	140
1	18376556	18388857	-	140
1	18376556	18393805	-	140
1	18376556	18403376	-	140
1	18388757	18388857	-	140
1	18388918	18393805	-	140
1	18393872	18403376	-	140
1	18403529	18405359	-	140
1	18405486	18411009	-	140
1	18411189	18412081	-	140
1	18412303	18413143	-	140
1	18413185	18413703	-	140
1	18413772	18414231	-	140
1	18414380	18415734	-	140
1	18415808	18417284	-	140
1	18417440	18437400	-	140
1	18437480	18447170	-	140
1	18447295	18457469	-	140
1	18457554	18462491	-	140
1	18462556	18464043	-	140
1	18464179	18484107	-	140
1	18484209	18487394	-	140
1	18487477	18510933	-	140
1	18511032	18512270	-	140
1	18512521	18513114	-	140
1	18871582	18874153	-	141
1	18874338	18875326	-	141
1	18875418	18882307	-	141
1	18882411	18883142	-	141
1	18883317	18889321	-	141
1	18889492	18901665	-	141
1	18901778	18903842	-	141
1	18904037	18912326	-	141
1	18912512	18917767	-	141
1	18917956	18921513	-	141
1	18921668	18922188	-	141
1	18922324	18927460	-	141
1	18927555	18929233	-	141
1	18929372	18929995	-	141
1	18930132	18934938	-	141
1	18935107	18938459	-	141
1	18938575	18940255	-	141
1	18940398	18943917	-	141
1	18944021	18947908	-	141
1	18947973	18948747	-	141
1	18948932	18949828	-	141
1	18949863	18956800	-	141
1	18956931	18962362	-	141
1	18962454	18965897	-	141
1	18966073	18971669	-	141
1	18971765	18974327	-	141
1	18971765	18978279	-	141
1	18974469	18978279	-	141
1	18978519	18987937	-	141
1	18988025	18991234	-	141
1	18991375	18993694	-	141
1	18993905	18995732	-	141
1	18995805	18999838	-	141
1	18999932	19005026	-	141
1	19005184	19029279	-	141
1	19005184	19080997	-	141
1	19076448	19080997	-	141
1	19081276	19097391	-	141
1	19186865	19231104	-	142
1	19186871	19194268	-	142
1	19194364	19231104	-	142
1	19232036	19244059	-	142
1	19244187	19257416	-	142
1	19257586	19261863	-	142
1	19262111	19306666	-	142
1	19306903	19464281	-	142
1	19464532	19570217	-	142
1	19571233	19572699	-	142
1	19572825	19576888	-	142
1	19613174	19621495	+	143
1	19613387	19621495	+	143
1	19621657	19621986	+	143
1	19622163	19623597	+	143
1	19623728	19625902	+	143
1	19626122	19630340	+	143
1	19630420	19631062	+	143
1	19631214	19632338	+	143
1	19632448	19633084	+	143
1	19633342	19634797	+	143
1	19635458	19637032	+	143
1	19637285	19638097	+	143
1	19638177	19641981	+	143
1	19642146	19642276	+	143
1	19642534	19643978	+	143
1	19644101	19652431	+	143
1	19652521	19654179	+	143
1	19654273	19659817	+	143
1	19659926	19660888	+	143
1	19661032	19664524	+	143
1	19664699	19664998	+	143
1	19665062	19665973	+	143
1	19666200	19668156	+	143
1	19668301	19669676	+	143
1	19669779	19671109	+	143
1	19671182	19672732	+	143
1	19672922	19686878	+	143
1	19686972	19688505	+	143
1	19688593	19689334	+	143
1	19689514	19691701	+	143
1	19689514	19693305	+	143
1	19691783	19693305	+	143
1	19755918	19764590	+	144
1	19756339	19764590	+	144
1	19756461	19764590	+	144
1	19764467	19764568	+	144
1	19766629	19770516	+	144
1	19766629	19842577	+	144
1	19770650	19842577	+	144
1	19807073	19842577	+	144
1	19842753	19882444	+	144
1	19882687	19890566	+	144
1	19882687	20024378	+	144
1	20511246	20518655	-	146
1	20516359	20518655	-	146
1	20518679	20525841	-	146
1	20525932	20528194	-	146
1	20525935	20528194	-	146
1	20528304	20531064	-	146
1	20531306	20531681	-	146
1	20531841	20541275	-	146
1	20541342	20543242	-	146
1	20543309	20543532	-	146
1	20543572	20549776	-	146
1	20549914	20562204	-	146
1	20562317	20563169	-	146
1	20563337	20566984	-	146
1	20567143	20571856	-	146
1	20571943	20577942	-	146
1	20578145	20585235	-	146
1	20585311	20586934	-	146
1	20586997	20604705	-	146
1	20604767	20608278	-	146
1	20608358	20611383	-	146
1	20611531	20616906	-	146
1	20617176	20633121	-	146
1	20633252	20659216	-	146
1	20659374	20670882	-	146
1	20671056	20751760	-	146
1	20671056	20757453	-	146
1	20757644	20776416	-	146
1	20776572	20777862	-	146
1	20778069	20782262	-	146
1	20782381	20784407	-	146
1	20784623	20792928	-	146
1	20793005	20796474	-	146
1	20796625	20798420	-	146
1	20798557	20803182	-	146
1	20803359	20804538	-	146
1	20804690	20813555	-	146
1	20813729	20814597	-	146
1	20814790	20818048	-	146
1	20818187	20819146	-	146
1	20819309	20821001	-	146
1	20821173	20823742	-	146
1	20823872	20826276	-	146
1	20826457	20832278	-	146
1	20832450	20838737	-	146
1	20838894	20841195	-	146
1	20841370	20842348	-	146
1	20842478	20842878	-	146
1	20843041	20843735	-	146
1	20843886	20845911	-	146
1	20846047	20850877	-	146
1	20851058	20852832	-	146
1	20853004	20857263	-	146
1	20857420	20858099	-	146
1	20858214	20869921	-	146
1	20870135	20870791	-	146
1	20870938	20873893	-	146
1	20874075	20874235	-	146
1	20874478	20876735	-	146
1	20876824	20880685	-	146
1	20880810	20886571	-	146
1	20886742	20888408	-	146
1	20888589	20888867	-	146
1	20888976	20893797	-	146
1	20893900	20896450	-	146
1	20896571	20897740	-	146
1	20897892	20898604	-	146
1	20898787	20899705	-	146
1	20899910	20908951	-	146
1	20909113	20910025	-	146
1	20910142	20912943	-	146
1	20913117	20915108	-	146
1	20915202	20915537	-	146
1	20915616	20917541	-	146
1	20917635	20935346	-	146
1	20935409	21043563	-	146
1	21129881	21159558	-	148
1	21231689	21231797	+	149
1	21304307	21327549	+	150
1	21327592	21341434	+	150
1	21341506	21350273	+	150
1	21350341	21364566	+	150
1	21350345	21353177	+	150
1	21353278	21364566	+	150
1	21364714	21368719	+	150
1	21365047	21368719	+	150
1	21365527	21368719	+	150
1	21373682	21380580	-	152
1	21380687	21384476	-	152
1	21384617	21398539	-	152
1	21398679	21399224	-	152
1	21399345	21401613	-	152
1	21414839	21414957	-	154
1	21415159	21415763	-	154
1	21415817	21416369	-	154
1	21416510	21417427	-	154
1	21417556	21420637	-	154
1	21420894	21421253	-	154
1	21421393	21422842	+	155
1	21421396	21422833	-	154
1	21422922	21426529	-	154
1	21422945	21426543	+	155
1	21426704	21428025	-	154
1	21428158	21430077	-	154
1	21445808	21461220	-	156
1	21461298	21472251	-	156
1	21472390	21475107	-	156
1	21475170	21480434	-	156
1	21480491	21485533	-	156
1	21485691	21487572	-	156
1	21487779	21493769	-	156
1	21494305	21498059	-	156
1	21494305	21504226	-	156
1	21494305	21509619	-	156
1	21498300	21504226	-	156
1	21504386	21509619	-	156
1	21504386	21541771	-	156
1	21509701	21541771	-	156
1	21541940	21576538	-	156
1	21541940	21644121	-	156
1	21541940	21722615	-	156
1	21742773	21748423	+	158
1	21748612	21752086	+	158
1	21750518	21770482	-	159
1	21752427	21754232	+	158
1	21754444	21754694	+	158
1	21754886	21760388	+	158
1	21760498	21761704	+	158
1	21767854	21770482	-	159
1	21770580	21775160	-	159
1	21775284	21777391	-	159
1	21777463	21779718	-	159
1	21779888	21780454	-	159
1	21780510	21780616	-	159
1	21780684	21780969	-	159
1	21781095	21782684	-	159
1	21782729	21787424	-	159
1	21787507	21793107	-	159
1	21793240	21797197	-	159
1	21793240	21801302	-	159
1	21797266	21801302	-	159
1	21801865	21812243	+	160
1	21812349	21815400	+	160
1	21815552	21817495	+	160
1	21817603	21823045	+	160
1	21823119	21823224	+	160
1	21913937	21920111	-	161
1	21913937	21920784	-	161
1	21920171	21920784	-	161
1	21920949	21960149	-	161
1	21920949	22067125	-	161
1	21960266	22067125	-	161
1	22067228	22092439	-	161
1	22092596	22164727	-	161
1	22164848	22237974	-	161
1	22238108	22239339	-	161
1	22241527	22285746	+	162
1	22285822	22352135	+	162
1	22352250	22405524	+	162
1	22352250	22412043	+	162
1	22405616	22412043	+	162
1	22412089	22412794	+	162
1	22418349	22419455	+	162
1	22419611	22423185	+	162
1	22423362	22427254	+	162
1	22427357	22428141	+	162
1	22429038	22434481	+	162
1	22664985	22667375	-	163
1	22664985	22670356	-	163
1	22667422	22670356	-	163
1	22670510	22671306	-	163
1	22671409	22682849	-	163
1	22683134	22685698	-	163
1	22685796	22687198	-	163
1	22687468	22688460	-	163
1	22688589	22693670	-	163
1	22693778	22695667	-	163
1	22695714	22697936	-	163
1	22698057	22700073	-	163
1	22700215	22701903	-	163
1	22702076	22703455	-	163
1	22703667	22704273	-	163
1	22704333	22705486	-	163
1	22705599	22706220	-	163
1	22706364	22710220	-	163
1	22710284	22711247	-	163
1	22711301	22713255	-	163
1	22713342	22719643	-	163
1	22713342	22721942	-	163
1	22719728	22721942	-	163
1	22722012	22731267	-	163
1	22731892	22734752	-	163
1	22735095	22743311	-	163
1	22735095	22793278	-	163
1	22793380	22801401	-	163
1	22793391	22801035	-	163
1	22863819	22871763	-	164
1	22863819	22880594	-	164
1	22871848	22880594	-	164
1	22880769	22891663	-	164
1	22891773	22898098	-	164
1	22898175	22898828	-	164
1	22898957	22901572	-	164
1	22901668	22923666	-	164
1	22934281	22934938	-	165
1	22935122	22936128	-	165
1	22972698	22973282	+	166
1	22973539	22985019	+	166
1	22985369	22987756	+	166
1	25155909	25156370	+	168
1	25156051	25156121	+	168
1	25156195	25156370	+	168
1	25228738	25231801	+	169
1	25232255	25240497	+	169
1	25240590	25246646	+	169
1	25246818	25264966	+	169
1	25265162	25266932	+	169
1	25265162	25270609	+	169
1	25267053	25270609	+	169
1	25270685	25277477	+	169
1	25277571	25280917	+	169
1	25281014	25282143	+	169
1	25320048	25323843	-	170
1	25323999	25329703	-	170
1	25432889	25440828	-	171
1	25440896	25446896	-	171
1	25440896	25447242	-	171
1	25481556	25481591	+	172
1	25481763	25523035	+	172
1	25523160	25524891	+	172
1	25525089	25525204	+	172
1	25525359	25526209	+	172
1	25526335	25526857	+	172
1	25527021	25527298	+	172
1	25527363	25528509	+	172
1	25528665	25540026	+	172
1	25540149	25543789	+	172
1	25540149	25550472	+	172
1	25543871	25550472	+	172
1	25550561	25551295	+	172
1	25551398	25553558	+	172
1	25553632	25554841	+	172
1	25554961	25555901	+	172
1	25555967	25558570	+	172
1	25558754	25559889	+	172
1	25559986	25561828	+	172
1	25561978	25563011	+	172
1	25563118	25565011	+	172
1	25567631	25569458	-	173
1	25569632	25577426	-	173
1	25577516	25578736	-	173
1	25578803	25579484	-	173
1	25579642	25579739	-	173
1	25579814	25581562	-	173
1	25581711	25583180	-	173
1	25583396	25585855	-	173
1	25585943	25587872	-	173
1	25587999	25589994	-	173
1	25590099	25600387	-	173
1	25600517	25603731	-	173
1	25603901	25606250	-	173
1	25606390	25607302	-	173
1	25607472	25608267	-	173
1	25608521	25612223	-	173
1	25612387	25630043	-	173
1	25630157	25631311	-	173
1	25631446	25644192	-	173
1	25647561	25651637	-	174
1	25651661	25653783	-	174
1	25653939	25658889	-	174
1	25659054	25660780	-	174
1	25660981	25663131	-	174
1	25736653	25924750	+	175
1	25852921	25924750	+	175
1	25879199	25924750	+	175
1	25920548	25924750	+	175
1	25924904	25949261	+	175
1	25949390	25964862	+	175
1	25965056	25969234	+	175
1	25965056	25969238	+	175
1	25965056	25976965	+	175
1	25965056	25976971	+	175
1	25969371	25976965	+	175
1	25969371	25976971	+	175
1	25980167	25980662	+	175
1	25980796	25985795	+	175
1	26004027	26008992	-	177
1	26009174	26010162	-	177
1	26010299	26010863	-	177
1	26077288	26079170	-	180
1	26080390	26086578	-	180
1	26086701	26090261	-	180
1	26090394	26090633	-	180
1	26090737	26095816	-	180
1	26095932	26097488	-	180
1	26097666	26101041	-	180
1	26101171	26104388	-	180
1	26104534	26106459	-	180
1	26106564	26111159	-	180
1	26111283	26112878	-	180
1	26113024	26118818	-	180
1	26118999	26120720	-	180
1	26120867	26123633	-	180
1	26123768	26125786	-	180
1	26126105	26128403	-	180
1	26128555	26130211	-	180
1	26130323	26130728	-	180
1	26130945	26131286	-	180
1	26131395	26134969	-	180
1	26135136	26136735	-	180
1	26136903	26150822	-	180
1	26151734	26152438	-	180
1	26152552	26158116	-	180
1	26158451	26159314	-	180
1	26159420	26167157	-	180
1	26167237	26169956	-	180
1	26170000	26173718	-	180
1	26170000	26190239	-	180
1	26173842	26190239	-	180
1	26190309	26209173	-	180
1	26209306	26213228	-	180
1	26213311	26247867	-	180
1	26247920	26255213	-	180
1	26301646	26312739	+	181
1	26312881	26316364	+	181
1	26476164	26476864	-	182
1	26477047	26477694	-	182
1	26478600	26479490	-	182
1	26479672	26480502	-	182
1	26480674	26480837	-	182
1	26480986	26481601	-	182
1	26481793	26485542	-	182
1	26485853	26485983	-	182
1	26485853	26489420	-	182
1	27037315	27037404	+	184
1	27037699	27046255	+	184
1	27046371	27047050	+	184
1	27047215	27049552	+	184
1	27049729	27051696	+	184
1	27051887	27055032	+	184
1	27055161	27057090	+	184
1	27078125	27080929	+	185
1	27081109	27088947	+	185
1	27089118	27090085	+	185
1	27137783	27156417	+	186
1	27156554	27162743	+	186
1	27162923	27164580	+	186
1	27164757	27165584	+	186
1	27165730	27168813	+	186
1	27168954	27171225	+	186
1	27248520	27249531	-	187
1	27258344	27288175	-	188
1	27288276	27313798	-	188
1	27313855	27315336	-	188
1	27315451	27317240	-	188
1	27317348	27329857	-	188
1	27329967	27330362	-	188
1	27330441	27343411	-	188
1	27343563	27344662	-	188
1	27344721	27346287	-	188
1	27344721	27383024	-	188
1	27381286	27450520	+	190
1	27388003	27450520	+	190
1	27450661	27459313	+	190
1	27450661	27465972	+	190
1	27459491	27465972	+	190
1	27465997	27472675	+	190
1	27472870	27473760	+	190
1	27473930	27475371	+	190
1	27475479	27478089	+	190
1	27478261	27499705	+	190
1	27499819	27507105	+	190
1	27507266	27509739	+	190
1	27509894	27516347	+	190
1	27516456	27523053	+	190
1	27523104	27525583	+	190
1	27525680	27530281	+	190
1	27530364	27544010	+	190
1	27544145	27550706	+	190
1	27550835	27551481	+	190
1	27551619	27553626	+	190
1	27553733	27561269	+	190
1	27561428	27563593	+	190
1	27563772	27564833	+	190
1	27564855	27568043	+	190
1	27568222	27568309	+	190
1	27568479	27574603	+	190
1	27574790	27578294	+	190
1	27578401	27589738	+	190
1	27589983	27595097	+	190
1	27595211	27597174	+	190
1	27597288	27598951	+	190
1	27599029	27599731	+	190
1	27606162	27717513	+	191
1	27633328	27717513	+	191
1	27679613	27717513	+	191
1	27717616	27726362	+	191
1	27726441	27744011	+	191
1	27744176	27744968	+	191
1	27745087	27748632	+	191
1	27745087	27754136	+	191
1	27748744	27754136	+	191
1	27754251	27759036	+	191
1	27759165	27764977	+	191
1	27765094	27765424	+	191
1	27765709	27767904	+	191
1	27768128	27769349	+	191
1	27769522	27769750	+	191
1	27769853	27770220	+	191
1	27770272	27770362	+	191
1	27770421	27773866	+	191
1	27770421	27773869	+	191
1	27773970	27779406	+	191
1	27779631	27781269	+	191
1	27872317	27878431	+	192
1	27878536	27880542	+	192
1	27880657	27881482	+	192
1	27882395	27883606	+	192
1	27884273	27884424	+	192
1	27884595	27887000	+	192
1	27887107	27888690	+	192
1	27888776	27891099	+	192
1	27891276	27891408	+	192
1	27891276	27892403	+	192
1	27891572	27892403	+	192
1	27892585	27893624	+	192
1	27892585	27899769	+	192
1	27893772	27899769	+	192
1	27899983	27900390	+	192
1	27899983	27919896	+	192
1	27903178	27903212	+	192
1	27909114	27909721	+	193
1	27909839	27914838	+	193
1	27914944	27915597	+	193
1	27915711	27917133	+	193
1	27917370	27918834	+	193
1	27919190	27923336	+	193
1	27923935	27925016	+	193
1	27961975	27966284	-	194
1	27966366	27972617	-	194
1	27972715	27974896	-	194
1	27975042	27980658	-	194
1	27980751	27998867	-	194
1	27999000	28000453	-	194
1	28000555	28003110	-	194
1	28003207	28005607	-	194
1	28005672	28008172	-	194
1	28008325	28047246	-	194
1	28047331	28114703	-	194
1	28047331	28197263	-	194
1	28197325	28302165	-	194
1	28566531	28566907	+	197
1	28566971	28572082	+	197
1	28566971	28573887	+	197
1	28566971	28586521	+	197
1	28572151	28573887	+	197
1	28572151	28586521	+	197
1	28574013	28586521	+	197
1	28587078	28589708	+	197
1	28589888	28597970	+	197
1	28598191	28599397	+	197
1	28599591	28602874	+	197
1	28602971	28606543	+	197
1	28606730	28608493	+	197
1	28608641	28610291	+	197
1	28610425	28614345	+	197
1	28614470	28619628	+	197
1	28619859	28621711	+	197
1	28621819	28625039	+	197
1	28625159	28627523	+	197
1	28627655	28629244	+	197
1	28629386	28641446	+	197
1	28629386	28645802	+	197
1	28641644	28645802	+	197
1	28645830	28659700	+	197
1	28645830	28685286	+	197
1	28659819	28674784	+	197
1	28659819	28685286	+	197
1	28674842	28685286	+	197
1	28685343	28721097	+	197
1	28685343	28746951	+	197
1	28721261	28726351	+	197
1	28726453	28744143	+	197
1	28726453	28746951	+	197
1	28744186	28746951	+	197
1	28747002	28754366	+	197
1	28754467	28759123	+	197
1	28820824	28832851	-	198
1	28832960	28835714	-	198
1	28835826	28836685	-	198
1	28836812	28836902	-	198
1	28837018	28838228	-	198
1	28838372	28841131	-	198
1	28841387	28843098	-	198
1	28843204	28843889	-	198
1	28843971	28845179	-	198
1	28845415	28847391	-	198
1	28847613	28847862	-	198
1	28847956	28849462	-	198
1	28849535	28851520	-	198
1	28851639	28854228	-	198
1	28851639	28856002	-	198
1	28851639	28856927	-	198
1	28902301	28907075	-	199
1	28907326	28907358	-	199
1	28924737	28926282	-	200
1	28926391	28926414	-	200
1	28969002	28972316	+	201
1	28972383	28978667	+	201
1	28978797	28982359	+	201
1	28982555	28984018	+	201
1	28982555	29018350	+	201
1	28984235	29018350	+	201
1	29018460	29023525	+	201
1	29023588	29023668	+	201
1	29023789	29024262	+	201
1	29024429	29027847	+	201
1	29027966	29033572	+	201
1	29033720	29034789	+	201
1	29034865	29035381	+	201
1	29035500	29035900	+	201
1	29035970	29038672	+	201
1	29035970	29042016	+	201
1	29038778	29042016	+	201
1	29042108	29042535	+	201
1	29042645	29046642	+	201
1	29042645	29051752	+	201
1	29046744	29048707	+	201
1	29046744	29051752	+	201
1	29048852	29051752	+	201
1	29060889	29064776	+	202
1	29064925	29066390	+	202
1	29066547	29068135	+	202
1	29068286	29069667	+	202
1	29069925	29072288	+	202
1	29072451	29078871	+	202
1	29108679	29108703	-	203
1	29626478	29680764	+	206
1	29680981	29724036	+	206
1	29724113	29745153	+	206
1	29724113	29748158	+	206
1	29745299	29746771	+	206
1	29745299	29748158	+	206
1	29747098	29748158	+	206
1	29748024	29748158	+	206
1	29748235	29748689	+	206
1	29748766	29749176	+	206
1	29749282	29749385	+	206
1	29749470	29749584	+	206
1	29749717	29749979	+	206
1	29750093	29750443	+	206
1	29750568	29751020	+	206
1	29751117	29751592	+	206
1	29751749	29751854	+	206
1	29751945	29752392	+	206
1	29836275	29855941	+	207
1	29842481	29855941	+	207
1	29857283	29878835	+	207
1	29857283	29883485	+	207
1	29878959	29883485	+	207
1	29883619	29897857	+	207
1	29900852	29900906	+	207
1	29902166	29905097	-	208
1	29905193	29905285	-	208
1	29905390	29907307	-	208
1	29907372	29907546	-	208
1	29907630	29912515	-	208
1	29912695	29936481	-	208
1	29975836	29977534	-	209
