1	3559	5664	-
1	5761	10905	-
1	10994	14813	-
1	14999	15022	-
1	15218	18492	-
1	23966	27359	+
1	23966	30767	+
1	27468	30767	+
1	30850	33299	+
1	33430	38650	+
1	38758	39745	+
1	96364	128197	-
1	113038	113086	-
1	113346	113361	-
1	121866	121915	-
1	122410	122997	-
1	123047	128197	-
1	128291	131005	-
1	131115	132485	-
1	132693	147380	-
1	132693	151420	-
1	147474	151420	-
1	151594	160329	-
1	151594	171675	-
1	160432	171675	-
1	170669	171675	-
1	171217	171675	-
1	171857	174033	-
1	174470	174649	-
1	175756	186320	-
1	175756	186692	-
1	199132	199777	+
1	200180	200363	+
1	200661	201337	+
1	201399	201610	+
1	201869	203745	+
1	203807	204308	+
1	204440	204560	+
1	204731	204845	+
1	205063	206405	+
1	207202	207602	+
1	207721	207807	+
1	207829	209392	+
1	352213	353173	+
1	353332	353418	+
1	354116	354823	+
1	355016	355131	+
1	355354	355580	+
1	355776	355933	+
1	470859	470992	+
1	471185	471794	+
1	471860	474079	+
1	513674	515025	-
1	515140	515936	-
1	516156	516469	-
1	516596	517095	-
1	517173	518532	-
1	518617	525827	-
1	526002	527369	-
1	527439	528442	-
1	527439	529491	-
1	528473	529491	-
1	529595	530334	-
1	530450	531641	-
1	531779	532235	-
1	532334	534368	-
1	534459	534743	-
1	534846	535734	-
1	534846	537845	-
1	535870	537845	-
1	535875	537845	-
1	538015	538423	-
1	538015	540858	-
1	541136	546500	+
1	546708	549710	+
1	549870	551770	+
1	555770	559998	+
1	557014	559998	+
1	557439	559998	+
1	560106	563366	+
1	563498	564096	+
1	563498	564102	+
1	564181	565193	+
1	565328	565416	+
1	565567	566063	+
1	566174	567698	+
1	567853	570480	+
1	567853	574880	+
1	570637	574880	+
1	574990	575257	+
1	575447	576520	+
1	578139	578374	-
1	578589	586691	+
1	586745	586840	+
1	586888	593017	+
1	593157	598024	+
1	598150	600485	+
1	600609	601786	+
1	601839	602985	+
1	603057	604246	+
1	604356	608275	+
1	608358	609237	+
1	609330	610174	+
1	610243	610472	+
1	610595	611257	+
1	611341	617144	+
1	617224	618933	+
1	619012	626316	+
1	626415	627724	+
1	627815	631452	+
1	631575	632858	+
1	632993	633491	+
1	633590	635132	+
1	635255	641933	+
1	642032	643374	+
1	643478	653584	+
1	653684	719871	+
1	855363	857885	+
1	857961	859844	+
1	860402	861463	+
1	861549	863469	+
1	863667	865766	+
1	865908	866506	+
1	866601	867481	+
1	867650	867858	+
1	868036	868719	+
1	868894	869320	+
1	869449	869526	+
1	869680	870179	+
1	870399	871772	+
1	871881	872609	+
1	872770	874063	+
1	874183	874626	+
1	874862	876037	+
1	876266	876706	+
1	876979	877433	+
1	876979	878174	+
1	877532	878174	+
1	878315	880554	+
1	922127	922816	-
1	922985	923824	-
1	923965	924295	-
1	1194619	1196650	-
1	1196689	1197262	-
1	1196689	1203493	-
1	1197471	1203493	-
1	1203769	1204567	-
1	1204668	1233509	-
1	1233593	1239432	-
1	1239620	1262951	-
1	1263027	1263525	-
1	1263577	1266317	-
1	1263610	1266317	-
1	1266366	1279136	-
1	1279237	1279865	-
1	1279973	1289186	-
1	1289359	1332406	-
1	1414320	1419614	+
1	1414320	1419680	+
1	1419660	1419680	+
1	1419814	1420713	+
1	1420772	1420825	+
1	1420820	1420879	+
1	1421023	1421702	+
1	1496220	1500732	+
1	1496220	1507626	+
1	1503113	1505832	+
1	1505851	1506916	+
1	1507002	1507095	+
1	1507231	1507626	+
1	1507780	1508375	+
1	1508512	1510452	+
1	1508512	1510451	+
1	1510543	1513686	+
1	1513767	1514056	+
1	1514134	1515014	+
1	1515202	1515300	+
1	1515457	1515993	+
1	1516060	1516258	+
1	1516328	1516855	+
1	1517031	1517610	+
1	1517899	1519441	+
1	1519522	1520105	+
1	1527670	1527930	-
1	1528087	1528411	-
1	1528551	1530101	-
1	1530274	1531347	-
1	1531522	1535190	-
1	1535329	1536756	-
1	1536832	1537740	-
1	1582187	1584179	-
1	1585128	1585828	-
1	1586009	1586304	-
1	1586397	1586977	-
1	1587173	1588147	-
1	1588267	1588645	-
1	1588720	1588881	-
1	1588948	1600086	-
1	1600174	1602650	-
1	1602755	1606214	-
1	1606414	1608254	-
1	1608399	1609720	-
1	1609987	1610327	-
1	1610423	1611008	-
1	1611155	1611854	-
1	1611155	1614002	-
1	1611876	1614002	-
1	1614209	1614321	-
1	1614384	1617344	-
1	1617464	1619969	-
1	1620040	1625112	-
1	1625376	1626217	-
1	1626313	1630289	-
1	1626313	1633213	-
1	1630335	1633213	-
1	1633382	1634703	-
1	1634816	1639165	-
1	1639324	1654691	-
1	1654853	1657902	-
1	1658067	1659534	-
1	1659651	1663597	-
1	1663794	1664543	-
1	1663794	1697099	-
1	1663794	1698343	-
1	1920838	1939606	+
1	1930171	1939606	+
1	1938531	1939606	+
1	1939737	1944519	+
1	1943591	1944519	+
1	1944702	1946263	+
1	1946494	1948389	+
1	1948516	1950090	+
1	1950306	1950779	+
1	1950916	1951922	+
1	1952055	1957442	+
1	1974768	1974808	+
1	1974954	1974978	+
1	1975448	1975687	+
1	1975905	1975939	+
1	1976059	1976075	+
1	1986454	1987270	-
1	1987372	1988822	-
1	1988902	1989348	-
1	1989505	1992318	-
1	1992529	1995992	-
1	2019726	2019808	-
1	2070637	2074677	+
1	2074643	2074709	+
1	2074795	2074837	+
1	2074797	2074811	+
1	2096007	2097581	-
1	2097679	2098660	-
1	2098701	2101547	-
1	2101617	2103122	-
1	2103236	2104932	-
1	2105157	2111126	-
1	2105157	2113533	-
1	2111187	2113533	-
1	2113615	2116390	-
1	2116529	2116967	-
1	2117057	2117532	-
1	2117588	2119950	-
1	2120005	2120657	-
1	2146635	2147153	+
1	2146923	2147153	+
1	2147319	2149552	+
1	2149614	2151807	+
1	2151864	2153172	+
1	2153231	2155845	+
1	2155920	2159164	+
1	2159279	2161090	+
1	2161137	2162925	+
1	2161137	2163683	+
1	2163001	2163683	+
1	2163763	2163816	+
1	2204035	2207820	+
1	2207881	2262101	+
1	2262013	2262101	+
1	2262153	2436564	+
1	2321104	2436564	+
1	2323420	2436564	+
1	2374221	2436564	+
1	2375362	2436564	+
1	2375362	2441932	+
1	2436682	2441932	+
1	2442015	2457745	+
1	2457827	2460605	+
1	2460686	2461655	+
1	2461763	2464308	+
1	2464347	2466669	+
1	2466813	2469878	+
1	2469950	2471568	+
1	2471658	2486444	+
1	2486510	2492455	+
1	2492559	2497079	+
1	2497211	2498650	+
1	2498777	2506524	+
1	2506615	2507249	+
1	2507408	2509097	+
1	2509261	2512508	+
1	2509261	2514525	+
1	2512586	2514525	+
1	2514643	2517940	+
1	2518079	2519630	+
1	2541700	2549445	+
1	2549450	2551157	+
1	2551255	2551896	+
1	2552030	2552363	+
1	2568555	2570291	-
1	2570306	2572790	-
1	2572800	2572973	-
1	2572989	2574776	-
1	2574812	2581956	-
1	2576955	2585688	+
1	2585776	2586619	+
1	2586703	2587777	+
1	2587860	2588778	+
1	2588815	2590420	+
1	2590480	2591684	+
1	2591715	2592992	+
1	2599793	2601556	+
1	2601937	2601947	+
1	2608928	2610533	+
1	2610651	2611917	+
1	2612178	2612283	+
1	2612534	2613589	+
1	2677630	2677938	+
1	2678100	2678322	+
1	2678819	2679494	+
1	2716774	2717187	+
1	2717371	2717860	+
1	2718126	2719099	+
1	2719235	2719953	+
1	2720016	2720135	+
1	2720198	2721785	+
1	2720198	2721788	+
1	2721963	2722991	+
1	2723122	2724702	+
1	2776996	2781855	-
1	2780328	2781855	-
1	2782083	2782488	-
1	2782605	2782725	-
1	2882476	3073442	+
1	3073578	3238763	+
1	3121133	3238763	+
1	3238893	3285108	+
1	3285138	3302131	+
1	3302253	3302752	+
1	3302803	3314471	+
1	3314613	3319773	+
1	3319930	3321370	+
1	3321422	3322208	+
1	3322268	3324412	+
1	3324465	3331635	+
1	3331779	3334390	+
1	3334484	3337270	+
1	3337458	3351465	+
1	3351609	3353939	+
1	3354024	3355458	+
1	3355610	3359194	+
1	3359351	3368366	+
1	3368540	3383386	+
1	3383498	3386467	+
1	3409333	3409367	+
1	3409638	3409658	+
1	3409855	3410672	+
1	3410838	3415155	+
1	3415281	3421469	+
1	3421678	3424190	+
1	4732920	4733375	-
1	4738548	4742478	-
1	4742554	4745307	-
1	4743340	4745307	-
1	4744600	4745307	-
1	4745584	4746968	-
1	4745608	4746968	-
1	4747057	4775754	-
1	4775899	4806600	-
1	4775899	4822371	-
1	4775899	4843272	-
1	4806640	4822371	-
1	4822489	4843272	-
1	4843416	4881815	-
1	4843416	4883099	-
1	4968386	5181123	-
1	5181274	5206929	-
1	5207102	5396371	-
1	5396507	5464743	-
1	5679031	5698509	+
1	5698674	5858869	+
1	5859099	5922520	+
1	5859099	5922523	+
1	5922643	6068631	+
1	6068716	6138011	+
1	6138128	6291152	+
1	6291290	6511281	+
1	6511344	6525102	+
1	6511344	6692614	+
1	6525253	6692614	+
1	6692699	6724332	+
1	6724451	6729733	+
1	6772565	6807714	+
1	6807980	6864826	+
1	6864997	6872712	+
1	6872875	6873187	+
1	6873342	6876095	+
1	6876199	6878282	+
1	6878359	6880546	+
1	6880682	6880732	+
1	6880746	6883018	+
1	6891772	6893110	-
1	6893291	6895016	-
1	6895124	6896013	-
1	6896137	6898048	-
1	6898209	6899087	-
1	6899205	6900699	-
1	6900771	6902048	-
1	6902241	6904727	-
1	6904809	6905474	-
1	6905576	6908552	-
1	6905576	6909504	-
1	6908700	6909504	-
1	6909602	6912979	-
1	6913047	6914023	-
1	6914103	6914305	-
1	6914440	6914922	-
1	6915085	6917400	-
1	6917551	6918810	-
1	6919074	6920998	+
1	6919078	6920969	-
1	6921040	6921126	+
1	6921054	6921140	-
1	6921190	6922926	+
1	6921241	6922950	-
1	6923059	6926578	+
1	6923068	6926584	-
1	6926743	6932377	-
1	6932525	6935648	-
1	6935892	6951211	-
1	6952576	6962803	-
1	6962995	7049430	-
1	7062509	7067125	+
1	7067262	7068604	+
1	7068712	7073511	+
1	7073627	7075217	+
1	7075358	7077132	+
1	7077254	7079657	+
1	7079777	7080900	+
1	7081064	7081950	+
1	7082097	7085551	+
1	7085712	7091591	+
1	7091771	7093462	+
1	7093612	7094712	+
1	7094807	7097917	+
1	7098039	7099876	+
1	7099952	7100528	+
1	7100670	7102796	+
1	7102904	7108363	+
1	7108510	7109116	+
1	7112148	7117528	-
1	7117629	7120660	-
1	7120774	7121721	-
1	7121831	7130416	-
1	7130632	7130750	-
1	7130849	7160498	-
1	7160617	7161459	-
1	7161629	7163660	-
1	7163816	7166144	-
1	7166249	7206882	-
1	7290263	7291929	+
1	7292034	7298621	+
1	7298777	7301038	+
1	7301208	7306569	+
1	7306685	7308293	+
1	7308401	7309874	+
1	7310090	7311178	+
1	7311288	7312167	+
1	7312281	7316278	+
1	7316379	7321788	+
1	7340881	7342539	-
1	7342640	7344412	-
1	7342640	7347311	-
1	7344526	7347311	-
1	7347421	7351124	-
1	7351340	7354890	-
1	7355001	7355237	-
1	7355353	7356234	-
1	7356404	7357360	-
1	7357452	7357452	-
1	7357483	7357483	-
1	7357515	7359014	-
1	7357516	7359014	-
1	7359119	7365013	-
1	7369892	7371042	-
1	7371113	7372067	-
1	7372218	7375883	-
1	7376071	7378334	-
1	7378523	7379090	-
1	7379238	7380001	-
1	7380117	7381307	-
1	7381445	7382164	-
1	7382400	7383622	-
1	7383770	7384053	-
1	7384262	7386166	-
1	7386329	7389021	-
1	7389172	7391063	-
1	7391283	7391793	-
1	7392051	7392375	-
1	7392496	7393235	-
1	7393363	7394693	-
1	7394885	7395905	-
1	7396043	7400285	-
1	7400384	7400633	-
1	7400765	7401785	-
1	7402002	7402446	-
1	7402535	7402773	-
1	7402950	7403027	-
1	7403172	7403728	-
1	7403900	7406083	-
1	7406280	7408089	-
1	7408192	7409168	-
1	7409271	7411507	-
1	7411688	7413087	-
1	7413257	7413685	-
1	7413802	7414413	-
1	7414592	7415039	-
1	7415188	7415778	-
1	7415917	7420395	-
1	7420540	7421863	-
1	7422005	7424285	-
1	7424451	7429735	-
1	7429840	7430656	-
1	7430823	7430976	-
1	7431140	7433588	-
1	7433695	7435775	-
1	7435906	7437106	-
1	7437240	7441990	-
1	7442090	7443938	-
1	7444064	7452879	-
1	7453020	7472243	-
1	7560480	7562098	-
1	7562198	7562307	-
1	7562484	7562791	-
1	7562926	7564661	-
1	7564722	7565055	-
1	7565121	7567047	-
1	7567104	7568955	-
1	7569042	7570616	-
1	7570687	7571193	-
1	7571338	7571485	-
1	7571563	7573232	-
1	7573334	7574879	-
1	7574969	7575119	-
1	7575244	7576012	-
1	7576053	7578241	-
1	7578316	7578607	-
1	7582127	7582905	-
1	7583138	7588690	-
1	7588878	7589176	-
1	7588878	7589911	-
1	7590389	7590764	+
1	7590389	7591546	+
1	7591633	7591842	+
1	7591972	7592914	+
1	7593013	7593400	+
1	7593512	7593806	+
1	7593989	7594611	+
1	7594739	7598205	+
1	7598382	7598842	+
1	7598967	7599265	+
1	7599459	7599609	+
1	7599774	7600412	+
1	7601124	7601768	-
1	7601880	7602887	-
1	7603043	7603698	-
1	7603822	7605073	-
1	7605218	7606204	-
1	7606323	7608264	-
1	7608447	7611850	-
1	7611986	7612171	-
1	7611986	7612699	-
1	7623839	7624771	-
1	7624927	7630577	-
1	7630361	7630577	-
1	7630757	7635185	-
1	7635314	7636588	-
1	7636648	7640069	-
1	7640126	7642841	-
1	7642880	7651106	-
1	7642880	7651409	-
1	7679694	7680047	+
1	7680064	7680138	+
1	7680251	7684075	+
1	7680251	7686760	+
1	7684193	7686760	+
1	7686941	7688734	+
1	8008110	8010482	-
1	8010606	8012061	-
1	8012224	8013016	-
1	8013047	8016402	-
1	8016483	8021460	-
1	8021570	8026796	-
1	8027028	8029024	-
1	8029184	8031193	-
1	8031263	8039460	-
1	8039571	8039635	-
1	8039571	8039662	-
1	8039892	8040954	-
1	8041067	8044474	-
1	8044576	8045542	-
1	8045808	8045827	-
1	8045823	8045848	-
1	8046052	8046120	-
1	8046330	8046362	-
1	8046419	8046544	-
1	8046875	8046886	-
1	8046880	8046900	-
1	8047256	8047291	-
1	8047436	8047468	-
1	8047547	8047570	-
1	8047644	8047670	-
1	8047644	8047718	-
1	8047773	8047795	-
1	8048151	8050068	-
1	8048158	8050057	-
1	8050258	8053180	-
1	8053289	8053997	-
1	8054186	8055372	-
1	8055491	8056965	-
1	8057065	8060533	-
1	8060741	8078507	-
1	8060741	8081390	-
1	8078577	8078980	-
1	8079068	8081390	-
1	8081586	8083381	-
1	8081586	8085479	-
1	8168909	8176958	-
1	8177109	8177302	-
1	8177548	8178052	-
1	8209409	8210008	+
1	8210094	8210180	+
1	8210235	8210540	+
1	8210608	8212222	+
1	8212390	8213047	+
1	8213210	8213695	+
1	8213806	8215203	+
1	8215400	8215952	+
1	8216068	8216704	+
1	8243341	8244353	+
1	8243614	8243941	+
1	8243803	8243815	+
1	8244105	8244137	+
1	8244168	8244188	+
1	8244411	8249317	+
1	8247669	8249317	+
1	8249394	8258342	+
1	8249406	8258342	+
1	8258485	8259793	+
1	8259940	8261199	+
1	8261404	8263145	+
1	8263309	8264854	+
1	8264942	8265352	+
1	8265472	8265489	+
1	8265547	8265573	+
1	8403530	8404486	+
1	8404573	8429563	+
1	8429648	8434506	+
1	8434603	8435442	+
1	8435718	8436292	+
1	8436377	8437040	+
1	8437188	8444129	+
1	8444227	8448683	+
1	8448848	8449050	+
1	8449182	8449791	+
1	8449953	8450208	+
1	8450302	8451465	+
1	8451715	8451806	+
1	8453618	8454594	-
1	8454801	8455790	-
1	8455897	8456806	-
1	8456907	8458941	-
1	8459113	8461006	-
1	8461110	8470806	-
1	8470986	8482246	-
1	8482382	8487559	-
1	8487685	8489781	-
1	8489861	8491391	-
1	8491518	8516758	-
1	8516817	8533191	-
1	8533411	8536271	-
1	8556141	8558748	+
1	8558791	8561662	+
1	8561787	8562118	+
1	8562197	8562475	+
1	8566830	8567229	-
1	8567297	8568154	-
1	8568237	8569176	-
1	8569232	8571444	-
1	8571497	8572072	-
1	8572176	8574423	-
1	8574482	8574707	-
1	8574800	8575032	-
1	8575164	8575642	-
1	8575743	8576774	-
1	8576856	8586432	-
1	8586460	8586485	-
1	8586543	8589930	-
1	8590053	8592288	-
1	8592380	8597912	-
1	8598061	8635294	-
1	8635414	8635438	-
1	8635470	8635517	-
1	8655567	8656737	-
1	8658308	8658372	-
1	8658777	8658796	-
1	8659204	8661516	-
1	8661661	8665556	-
1	8665651	8666464	-
1	8666610	8669579	-
1	8669725	8679440	-
1	8679676	8680804	-
1	8681030	8692073	-
1	8692241	8696308	-
1	8696444	8698560	-
1	8698742	8729491	-
1	8729654	8738041	-
1	8738171	8822876	-
1	8765349	8767044	+
1	8765502	8767044	+
1	8766039	8767022	+
1	8767107	8767148	+
1	8928819	8933755	-
1	8933829	8934938	-
1	8935180	8949348	+
1	8935218	8949348	+
1	8949447	8952065	+
1	8949447	8958082	+
1	8952103	8954954	+
1	8955092	8958082	+
1	8958173	8959766	+
1	8959899	8962418	+
1	8962541	8964036	+
1	8964166	8975155	+
1	8975270	8977546	+
1	8977710	8991773	+
1	8991925	8993129	+
1	8993272	8994213	+
1	8994309	8995820	+
1	8995919	8997082	+
1	8997266	8998331	+
1	8998476	9000091	+
1	9017587	9018519	-
1	9017587	9019117	-
1	9018670	9019117	-
1	9019270	9021048	-
1	9021158	9022902	-
1	9023016	9024720	-
1	9024856	9026688	-
1	9026863	9027586	-
1	9027756	9028310	-
1	9028390	9028488	-
1	9028708	9032775	-
1	9032894	9034251	-
1	9034409	9036484	-
1	9036644	9038440	-
1	9038634	9040279	-
1	9040421	9041103	-
1	9041186	9041997	-
1	9042190	9045149	-
1	9045316	9045398	-
1	9045549	9046247	-
1	9046330	9047805	-
1	9047979	9050501	-
1	9050599	9053635	-
1	9053698	9060509	-
1	9060594	9069029	-
1	9069256	9073844	-
1	9074116	9082920	-
1	9083008	9108799	-
1	9131894	9133119	-
1	9133212	9135289	-
1	9135405	9138239	-
1	9138330	9139950	-
1	9140028	9145727	-
1	9145806	9148840	-
1	9148945	9150604	-
1	9150709	9153130	-
1	9153262	9158691	-
1	9158810	9158929	-
1	9159056	9161936	-
1	9162022	9167470	-
1	9167622	9169432	-
1	9169599	9176634	-
1	9169599	9191140	-
1	9176719	9191140	-
1	9191267	9192612	-
1	9192688	9192786	-
1	9192688	9195338	-
1	9195426	9238739	-
1	9209315	9209363	+
1	9209429	9209522	+
1	9209774	9209790	+
1	9210002	9210020	+
1	9210054	9210146	+
1	9210185	9210263	+
1	9210495	9210513	+
1	9350269	9350329	-
1	9352332	9368794	-
1	9368898	9374191	-
1	9374302	9375870	-
1	9375974	9390135	-
1	9390185	9393393	-
1	9393532	9423376	-
1	9423536	9459835	-
1	9459997	9619394	-
1	9668017	9668501	+
1	9668603	9671386	+
1	9671525	9717635	+
1	9794771	9797464	-
1	9797596	9799520	-
1	9800305	9801639	-
1	9801737	9805066	-
1	9805218	9810580	-
1	9810754	9811007	-
1	9811147	9817279	-
1	9817485	9820783	-
1	9820994	9827302	-
1	9820994	9828181	-
1	9827462	9828181	-
1	9828274	9834800	-
1	9828292	9834800	-
1	9834947	9857294	-
1	9834947	9859331	-
1	9857424	9859331	-
1	9859660	9873357	-
1	9873538	9893444	-
1	9893535	9923613	-
1	9923858	9976154	-
1	9923858	10070671	-
1	9976197	10070671	-
1	10070783	10099394	-
1	10099545	10175651	-
1	10175847	10225735	-
1	10175847	10227669	-
1	11441996	11442040	+
1	11442109	11442125	+
1	11442386	11442461	+
1	11442521	11442546	+
1	11446108	11446736	+
1	11446833	11446949	+
1	11447061	11448027	+
1	11448113	11456382	+
1	11456529	11459009	+
1	11459192	11463399	+
1	11463530	11468471	+
1	11468565	11470413	+
1	11470668	11476605	+
1	11476769	11486956	+
1	11487104	11491533	+
1	11491659	11500851	+
1	11566438	11569080	+
1	11569233	11584816	+
1	11584926	11586273	+
1	11586426	11595993	+
1	11596114	11639845	+
1	11639974	11648137	+
1	11649616	11651385	-
1	11649714	11653851	+
1	11651541	11651884	-
1	11651973	11653145	-
1	11653252	11653817	-
1	11653877	11654688	-
1	11654798	11656689	-
1	11656809	11658687	-
1	11658868	11663342	-
1	11663452	11665440	-
1	11665567	11666405	-
1	11666475	11669199	-
1	11669380	11677695	-
1	11669380	11682769	-
1	11669380	11690085	-
1	11669380	11690580	-
1	11669380	11694104	-
1	11678454	11682769	-
1	11694209	11716216	-
1	11716481	11717397	-
1	11717491	11719526	-
1	11719606	11720669	-
1	11720775	11722970	-
1	11723133	11731351	-
1	11723133	11734550	-
1	11731424	11734550	-
1	11734698	11735345	-
1	11735532	11750858	-
1	11751084	11753692	-
1	11753866	11759281	-
1	11759718	11764687	-
1	11765864	11768178	-
1	11768290	11798990	-
1	11930068	12041131	-
1	11973249	12041131	-
1	12042597	12043666	-
1	12042597	12046382	-
1	12043886	12046382	-
1	12046452	12048328	-
1	12048474	12050188	-
1	12050323	12052200	-
1	12052358	12053594	-
1	12053709	12056479	-
1	12056581	12058731	-
1	12058926	12060341	-
1	12060455	12060957	-
1	12061090	12064956	-
1	12065075	12067136	-
1	12067214	12068442	-
1	12067217	12068442	-
1	12068620	12071469	-
1	12071601	12072966	-
1	12073121	12074756	-
1	12074919	12082333	-
1	12082379	12086507	-
1	12086592	12116162	-
1	12086592	12121839	-
1	12086592	12146298	-
1	12116227	12121839	-
1	12121910	12121990	-
1	12221191	12225853	+
1	12221603	12225853	+
1	12222828	12225851	+
1	12225025	12225853	+
1	12225945	12226216	+
1	12298226	12353963	+
1	12354128	12361986	+
1	12362190	12362706	+
1	12362795	12369902	+
1	12369945	12373576	+
1	12373697	12376069	+
1	12376130	12381441	+
1	12381511	12382020	+
1	12382168	12387962	+
1	12388088	12391905	+
1	12392115	12392604	+
1	12392695	12395388	+
1	12528867	12551027	+
1	12551102	12552547	+
1	12552620	12559394	+
1	12559454	12560745	+
1	12560835	12571855	+
1	12560837	12571901	+
1	12571943	12571977	+
1	12572041	12572072	+
1	12572050	12572072	+
1	12572227	12589412	+
1	12589450	12589475	+
1	12589606	12597538	+
1	12634603	12653097	-
1	12653619	12654467	-
1	12654821	12701776	-
1	12701994	12702709	-
1	13340483	13408872	+
1	13409017	13428585	+
1	13428676	13430753	+
1	13430989	13438229	+
1	13446791	13449720	+
1	13449801	13452687	+
1	13452872	13453394	+
1	13453559	13455608	+
1	13455727	13456862	+
1	13457000	13457927	+
1	13467686	13472924	+
1	13473643	13475734	+
1	13475826	13476753	+
1	13475826	13477627	+
1	13476937	13477627	+
1	13612162	13614043	-
1	13614133	13614954	-
1	13615087	13615812	-
1	13615918	13616858	-
1	13616973	13618806	-
1	13618921	13620102	-
1	13633333	13633588	+
1	13633603	13642481	+
1	13642489	13644527	+
1	13644544	13655686	+
1	13653832	13667009	-
1	13655709	13660558	+
1	13660567	13663661	+
1	13663697	13664076	+
1	13664100	13665226	+
1	13665237	13665375	+
1	13665386	13667272	+
1	13715896	13723160	+
1	13723448	13803994	+
1	13804057	13827080	+
1	13827177	13834562	+
1	13834647	13841700	+
1	13841794	13842705	+
1	13842885	13847996	+
1	13848194	13851598	+
1	13851709	13855409	+
1	13851709	13859887	+
1	13855461	13859887	+
1	13859996	13862925	+
1	13863064	13864581	+
1	13864747	13872510	+
1	13872624	13873158	+
1	13873328	13878490	+
1	13878588	13879847	+
1	13880051	13882412	+
1	13882578	13883038	+
1	13883192	13884170	+
1	13884315	13887075	+
1	13887250	13889962	+
1	13890122	13890419	+
1	13890585	13892794	+
1	13892930	13895563	+
1	13895723	13895921	+
1	13896131	13896771	+
1	13896878	13898681	+
1	13896881	13898684	+
1	13898850	13899802	+
1	13899971	13901731	+
1	13901903	13902924	+
1	13903066	13906786	+
1	13906948	13909644	+
1	13909796	13912905	+
1	13909820	13912920	+
1	13913134	13913499	+
1	13913551	14042932	+
1	14018861	14019754	+
1	14022648	14022832	+
1	14022956	14023434	+
1	14023618	14024684	+
1	14024829	14028893	+
1	14029093	14032800	+
1	14070135	14073310	+
1	14073551	14074142	+
1	14074353	14079140	+
1	14079243	14082237	+
1	14082358	14083885	+
1	14084087	14087203	+
1	14087378	14089094	+
1	14089227	14090109	+
1	14090192	14091783	+
1	14151645	14156375	+
1	14156539	14165761	+
1	14165950	14166869	+
1	14167021	14171665	+
1	14171849	14172110	+
1	14172249	14173906	+
1	14174099	14174821	+
1	14175156	14178457	+
1	14178601	14180278	+
1	14180406	14181164	+
1	14181377	14184672	+
1	14184874	14186644	+
1	14186774	14188621	+
1	14188835	14190407	+
1	14190501	14191922	+
1	14191982	14200726	+
1	14221569	14226060	-
1	14226245	14252026	-
1	14252161	14295938	-
1	14296078	14373972	-
1	14374309	14416334	-
1	14416452	14456952	-
1	14457144	14490713	-
1	14491236	14491565	-
1	14491236	14491706	-
1	14491236	14493243	-
1	14491236	14507519	-
1	14495670	14662108	-
1	14507716	14662108	-
1	14646593	14662108	-
1	14659898	14662108	-
1	14662346	14674474	-
1	14674718	14678285	-
1	14678460	14684255	-
1	14678460	14691077	-
1	14684457	14691077	-
1	14691396	14708779	-
1	14708966	14711801	-
1	14711947	14717657	-
1	14717915	14720331	-
1	14720461	14750695	-
1	14778722	14784420	-
1	14784587	14791351	-
1	14791597	14792321	-
1	14792428	14795227	-
1	14795886	14800956	+
1	14801448	14810159	+
1	14810269	14813379	+
1	14813456	14815781	+
1	14815822	14817547	+
1	14817649	14820202	+
1	14820310	14821700	+
1	14821766	14822525	+
1	14822603	14825276	+
1	14822603	14838507	+
1	14825398	14851058	+
1	14838629	14851058	+
1	14851176	14851806	+
1	14866372	14892180	+
1	14866882	14885959	+
1	14886145	14892180	+
1	14906870	14908206	-
1	14909989	14910024	-
1	14909989	14910036	-
1	14910190	14910243	-
1	14910220	14910243	-
1	14910243	14910266	-
1	14911054	14911074	-
1	14911063	14911074	-
1	14911299	14911321	-
1	14911968	14912062	-
1	14911991	14912052	-
1	14913053	14916210	-
1	14913053	14956671	-
1	14956784	15016679	-
1	15148560	15194007	-
1	15194161	15196959	-
1	15197068	15213062	-
1	15213241	15213794	-
1	15213896	15214949	-
1	15214992	15224463	-
1	15224604	15245643	-
1	15245756	15250712	-
1	15250782	15255346	-
1	15255488	15258073	-
1	15258136	15264019	-
1	15264123	15266273	-
1	15266349	15267538	-
1	15267647	15269802	-
1	15269850	15271698	-
1	15271836	15281912	-
1	15282087	15284660	-
1	15284759	15286492	-
1	15286566	15293442	-
1	15286582	15293461	-
1	15293574	15310675	-
1	15310813	15312129	-
1	15312231	15313779	-
1	15313905	15318296	-
1	15318351	15318437	-
1	15318489	15320264	-
1	15320348	15324944	-
1	15320350	15329566	-
1	15345459	15351836	-
1	15351973	15351992	-
1	15353457	15361774	-
1	15361834	15363662	-
1	15363759	15366751	-
1	15366786	15373484	-
1	15373572	15373756	-
1	15373853	15373940	-
1	15374124	15376513	-
1	15376646	15381004	-
1	15381156	15387466	-
1	15387514	15393128	-
1	15393199	15408442	-
1	15408544	15442941	-
1	15731058	15731082	+
1	15758061	15758856	-
1	15758989	15761916	-
1	15762074	15765993	-
1	15766154	15767627	-
1	15767820	15778964	-
1	15869445	15889610	-
1	15889644	15891291	-
1	15891376	15949513	-
1	16007847	16010847	+
1	16011112	16011832	+
1	16012109	16012767	+
1	16024159	16024724	+
1	16043579	16044623	+
1	16044799	16045438	+
1	16045703	16045933	+
1	16046216	16047416	+
1	16058562	16058792	-
1	16059057	16059646	-
1	16097475	16097509	-
1	16097727	16097993	-
1	16098115	16098134	-
1	16098161	16098721	-
1	16114325	16115470	-
1	16115610	16116213	-
1	16116490	16116710	-
1	16116975	16119102	-
1	16140207	16149006	+
1	16149165	16150648	+
1	16149165	16172774	+
1	16150727	16172774	+
1	16172917	16177040	+
1	16177167	16177263	+
1	16177167	16178596	+
1	16177167	16192949	+
1	16177300	16178596	+
1	16178804	16192949	+
1	16193046	16197064	+
1	16199246	16201972	-
1	16203662	16213408	-
1	16213626	16218320	-
1	16218407	16220275	-
1	16220397	16223910	-
1	16224016	16233298	-
1	16233331	16233882	-
1	16233331	16234546	-
1	16234079	16234546	-
1	16234652	16249291	-
1	16251960	16252265	+
1	16252389	16253241	+
1	16252389	16255229	+
1	16253320	16255229	+
1	16255411	16256789	+
1	16256926	16258379	+
1	16258532	16261562	+
1	16261686	16265088	+
1	16266678	16267024	+
1	16272748	16274832	-
1	16275190	16282639	+
1	16283115	16290201	+
1	16290350	16299707	+
1	16301219	16303724	+
1	16304308	16307507	+
1	16307691	16307886	+
1	16307994	16316807	+
1	16331174	16335744	+
1	16331180	16331476	+
1	16331561	16335742	+
1	16335920	16337728	+
1	16337887	16341533	+
1	16341715	16352298	+
1	16352421	16354442	+
1	16354549	16355944	+
1	16356104	16357013	+
1	16357141	16357847	+
1	16357983	16358926	+
1	16359054	16360450	+
1	16363159	16366074	-
1	16366239	16368498	-
1	16368633	16369648	-
1	16369806	16370924	-
1	16371077	16374088	-
1	16374186	16374354	-
1	16374415	16381697	-
1	16401088	16406040	+
1	16406109	16406193	+
1	16406259	16406807	+
1	16406926	16407561	+
1	16407705	16409725	+
1	16409823	16410578	+
1	16410696	16413831	+
1	16413957	16415660	+
1	16415728	16420172	+
1	16420285	16423842	+
1	16423940	16429100	+
1	16429249	16442856	+
1	16463864	16473174	+
1	16465312	16473174	+
1	16473556	16486966	+
1	16487107	16492528	+
1	16492764	16496029	+
1	16496137	16497241	+
1	16535327	16539088	-
1	16539170	16540585	-
1	16540680	16540890	-
1	16541052	16558807	-
1	16560306	16565895	-
1	16566087	16578991	-
1	16566087	16584463	-
1	16566087	16610869	-
1	16579039	16584463	-
1	16584613	16610869	-
1	16584626	16601072	-
1	16841645	16843186	-
1	16843467	16889777	-
1	16889936	16891824	-
1	16891923	16940018	-
1	16940173	16951416	-
1	16951497	16963981	-
1	16964138	17020379	-
1	17020424	17137601	-
1	17138010	17138110	-
1	17310005	17311856	-
1	17311989	17313635	-
1	17314781	17321966	-
1	17322081	17326397	-
1	17326549	17327336	-
1	17327547	17328294	-
1	17328465	17330102	-
1	17330239	17333906	-
1	17334051	17335536	-
1	17335612	17341475	-
1	17341823	17347030	-
1	17347164	17372567	-
1	17372670	17382407	-
1	17382521	17386567	-
1	17386655	17389891	-
1	17389933	17402159	-
1	17389933	17416513	-
1	17416564	17416713	-
1	17416564	17463450	-
1	17416765	17463450	-
1	17416774	17451299	-
1	17463580	17511528	-
1	17463580	17574135	-
1	17463580	17662780	-
1	18284280	18289293	-
1	18345818	18346352	-
1	18349488	18351410	-
1	18351632	18358276	-
1	18358389	18366730	-
1	18366897	18367174	-
1	18367545	18370594	-
1	18370835	18376504	-
1	18376556	18388708	-
1	18376556	18388857	-
1	18376556	18393805	-
1	18376556	18403376	-
1	18388757	18388857	-
1	18388918	18393805	-
1	18393872	18403376	-
1	18403529	18405359	-
1	18405486	18411009	-
1	18411189	18412081	-
1	18412303	18413143	-
1	18413185	18413703	-
1	18413772	18414231	-
1	18414380	18415734	-
1	18415808	18417284	-
1	18417440	18437400	-
1	18437480	18447170	-
1	18447295	18457469	-
1	18457554	18462491	-
1	18462556	18464043	-
1	18464179	18484107	-
1	18484209	18487394	-
1	18487477	18510933	-
1	18511032	18512270	-
1	18512521	18513114	-
1	18871582	18874153	-
1	18874338	18875326	-
1	18875418	18882307	-
1	18882411	18883142	-
1	18883317	18889321	-
1	18889492	18901665	-
1	18901778	18903842	-
1	18904037	18912326	-
1	18912512	18917767	-
1	18917956	18921513	-
1	18921668	18922188	-
1	18922324	18927460	-
1	18927555	18929233	-
1	18929372	18929995	-
1	18930132	18934938	-
1	18935107	18938459	-
1	18938575	18940255	-
1	18940398	18943917	-
1	18944021	18947908	-
1	18947973	18948747	-
1	18948932	18949828	-
1	18949863	18956800	-
1	18956931	18962362	-
1	18962454	18965897	-
1	18966073	18971669	-
1	18971765	18974327	-
1	18971765	18978279	-
1	18974469	18978279	-
1	18978519	18987937	-
1	18988025	18991234	-
1	18991375	18993694	-
1	18993905	18995732	-
1	18995805	18999838	-
1	18999932	19005026	-
1	19005184	19029279	-
1	19005184	19080997	-
1	19076448	19080997	-
1	19081276	19097391	-
1	19186865	19231104	-
1	19186871	19194268	-
1	19194364	19231104	-
1	19232036	19244059	-
1	19244187	19257416	-
1	19257586	19261863	-
1	19262111	19306666	-
1	19306903	19464281	-
1	19464532	19570217	-
1	19571233	19572699	-
1	19572825	19576888	-
1	19613174	19621495	+
1	19613387	19621495	+
1	19621657	19621986	+
1	19622163	19623597	+
1	19623728	19625902	+
1	19626122	19630340	+
1	19630420	19631062	+
1	19631214	19632338	+
1	19632448	19633084	+
1	19633342	19634797	+
1	19635458	19637032	+
1	19637285	19638097	+
1	19638177	19641981	+
1	19642146	19642276	+
1	19642534	19643978	+
1	19644101	19652431	+
1	19652521	19654179	+
1	19654273	19659817	+
1	19659926	19660888	+
1	19661032	19664524	+
1	19664699	19664998	+
1	19665062	19665973	+
1	19666200	19668156	+
1	19668301	19669676	+
1	19669779	19671109	+
1	19671182	19672732	+
1	19672922	19686878	+
1	19686972	19688505	+
1	19688593	19689334	+
1	19689514	19691701	+
1	19689514	19693305	+
1	19691783	19693305	+
1	19755918	19764590	+
1	19756339	19764590	+
1	19756461	19764590	+
1	19764467	19764568	+
1	19766629	19770516	+
1	19766629	19842577	+
1	19770650	19842577	+
1	19807073	19842577	+
1	19842753	19882444	+
1	19882687	19890566	+
1	19882687	20024378	+
1	20511246	20518655	-
1	20516359	20518655	-
1	20518679	20525841	-
1	20525932	20528194	-
1	20525935	20528194	-
1	20528304	20531064	-
1	20531306	20531681	-
1	20531841	20541275	-
1	20541342	20543242	-
1	20543309	20543532	-
1	20543572	20549776	-
1	20549914	20562204	-
1	20562317	20563169	-
1	20563337	20566984	-
1	20567143	20571856	-
1	20571943	20577942	-
1	20578145	20585235	-
1	20585311	20586934	-
1	20586997	20604705	-
1	20604767	20608278	-
1	20608358	20611383	-
1	20611531	20616906	-
1	20617176	20633121	-
1	20633252	20659216	-
1	20659374	20670882	-
1	20671056	20751760	-
1	20671056	20757453	-
1	20757644	20776416	-
1	20776572	20777862	-
1	20778069	20782262	-
1	20782381	20784407	-
1	20784623	20792928	-
1	20793005	20796474	-
1	20796625	20798420	-
1	20798557	20803182	-
1	20803359	20804538	-
1	20804690	20813555	-
1	20813729	20814597	-
1	20814790	20818048	-
1	20818187	20819146	-
1	20819309	20821001	-
1	20821173	20823742	-
1	20823872	20826276	-
1	20826457	20832278	-
1	20832450	20838737	-
1	20838894	20841195	-
1	20841370	20842348	-
1	20842478	20842878	-
1	20843041	20843735	-
1	20843886	20845911	-
1	20846047	20850877	-
1	20851058	20852832	-
1	20853004	20857263	-
1	20857420	20858099	-
1	20858214	20869921	-
1	20870135	20870791	-
1	20870938	20873893	-
1	20874075	20874235	-
1	20874478	20876735	-
1	20876824	20880685	-
1	20880810	20886571	-
1	20886742	20888408	-
1	20888589	20888867	-
1	20888976	20893797	-
1	20893900	20896450	-
1	20896571	20897740	-
1	20897892	20898604	-
1	20898787	20899705	-
1	20899910	20908951	-
1	20909113	20910025	-
1	20910142	20912943	-
1	20913117	20915108	-
1	20915202	20915537	-
1	20915616	20917541	-
1	20917635	20935346	-
1	20935409	21043563	-
1	21129881	21159558	-
1	21231689	21231797	+
1	21304307	21327549	+
1	21327592	21341434	+
1	21341506	21350273	+
1	21350341	21364566	+
1	21350345	21353177	+
1	21353278	21364566	+
1	21364714	21368719	+
1	21365047	21368719	+
1	21365527	21368719	+
1	21373682	21380580	-
1	21380687	21384476	-
1	21384617	21398539	-
1	21398679	21399224	-
1	21399345	21401613	-
1	21414839	21414957	-
1	21415159	21415763	-
1	21415817	21416369	-
1	21416510	21417427	-
1	21417556	21420637	-
1	21420894	21421253	-
1	21421393	21422842	+
1	21421396	21422833	-
1	21422922	21426529	-
1	21422945	21426543	+
1	21426704	21428025	-
1	21428158	21430077	-
1	21445808	21461220	-
1	21461298	21472251	-
1	21472390	21475107	-
1	21475170	21480434	-
1	21480491	21485533	-
1	21485691	21487572	-
1	21487779	21493769	-
1	21494305	21498059	-
1	21494305	21504226	-
1	21494305	21509619	-
1	21498300	21504226	-
1	21504386	21509619	-
1	21504386	21541771	-
1	21509701	21541771	-
1	21541940	21576538	-
1	21541940	21644121	-
1	21541940	21722615	-
1	21742773	21748423	+
1	21748612	21752086	+
1	21750518	21770482	-
1	21752427	21754232	+
1	21754444	21754694	+
1	21754886	21760388	+
1	21760498	21761704	+
1	21767854	21770482	-
1	21770580	21775160	-
1	21775284	21777391	-
1	21777463	21779718	-
1	21779888	21780454	-
1	21780510	21780616	-
1	21780684	21780969	-
1	21781095	21782684	-
1	21782729	21787424	-
1	21787507	21793107	-
1	21793240	21797197	-
1	21793240	21801302	-
1	21797266	21801302	-
1	21801865	21812243	+
1	21812349	21815400	+
1	21815552	21817495	+
1	21817603	21823045	+
1	21823119	21823224	+
1	21913937	21920111	-
1	21913937	21920784	-
1	21920171	21920784	-
1	21920949	21960149	-
1	21920949	22067125	-
1	21960266	22067125	-
1	22067228	22092439	-
1	22092596	22164727	-
1	22164848	22237974	-
1	22238108	22239339	-
1	22241527	22285746	+
1	22285822	22352135	+
1	22352250	22405524	+
1	22352250	22412043	+
1	22405616	22412043	+
1	22412089	22412794	+
1	22418349	22419455	+
1	22419611	22423185	+
1	22423362	22427254	+
1	22427357	22428141	+
1	22429038	22434481	+
1	22664985	22667375	-
1	22664985	22670356	-
1	22667422	22670356	-
1	22670510	22671306	-
1	22671409	22682849	-
1	22683134	22685698	-
1	22685796	22687198	-
1	22687468	22688460	-
1	22688589	22693670	-
1	22693778	22695667	-
1	22695714	22697936	-
1	22698057	22700073	-
1	22700215	22701903	-
1	22702076	22703455	-
1	22703667	22704273	-
1	22704333	22705486	-
1	22705599	22706220	-
1	22706364	22710220	-
1	22710284	22711247	-
1	22711301	22713255	-
1	22713342	22719643	-
1	22713342	22721942	-
1	22719728	22721942	-
1	22722012	22731267	-
1	22731892	22734752	-
1	22735095	22743311	-
1	22735095	22793278	-
1	22793380	22801401	-
1	22793391	22801035	-
1	22863819	22871763	-
1	22863819	22880594	-
1	22871848	22880594	-
1	22880769	22891663	-
1	22891773	22898098	-
1	22898175	22898828	-
1	22898957	22901572	-
1	22901668	22923666	-
1	22934281	22934938	-
1	22935122	22936128	-
1	22972698	22973282	+
1	22973539	22985019	+
1	22985369	22987756	+
1	25155909	25156370	+
1	25156051	25156121	+
1	25156195	25156370	+
1	25228738	25231801	+
1	25232255	25240497	+
1	25240590	25246646	+
1	25246818	25264966	+
1	25265162	25266932	+
1	25265162	25270609	+
1	25267053	25270609	+
1	25270685	25277477	+
1	25277571	25280917	+
1	25281014	25282143	+
1	25320048	25323843	-
1	25323999	25329703	-
1	25432889	25440828	-
1	25440896	25446896	-
1	25440896	25447242	-
1	25481556	25481591	+
1	25481763	25523035	+
1	25523160	25524891	+
1	25525089	25525204	+
1	25525359	25526209	+
1	25526335	25526857	+
1	25527021	25527298	+
1	25527363	25528509	+
1	25528665	25540026	+
1	25540149	25543789	+
1	25540149	25550472	+
1	25543871	25550472	+
1	25550561	25551295	+
1	25551398	25553558	+
1	25553632	25554841	+
1	25554961	25555901	+
1	25555967	25558570	+
1	25558754	25559889	+
1	25559986	25561828	+
1	25561978	25563011	+
1	25563118	25565011	+
1	25567631	25569458	-
1	25569632	25577426	-
1	25577516	25578736	-
1	25578803	25579484	-
1	25579642	25579739	-
1	25579814	25581562	-
1	25581711	25583180	-
1	25583396	25585855	-
1	25585943	25587872	-
1	25587999	25589994	-
1	25590099	25600387	-
1	25600517	25603731	-
1	25603901	25606250	-
1	25606390	25607302	-
1	25607472	25608267	-
1	25608521	25612223	-
1	25612387	25630043	-
1	25630157	25631311	-
1	25631446	25644192	-
1	25647561	25651637	-
1	25651661	25653783	-
1	25653939	25658889	-
1	25659054	25660780	-
1	25660981	25663131	-
1	25736653	25924750	+
1	25852921	25924750	+
1	25879199	25924750	+
1	25920548	25924750	+
1	25924904	25949261	+
1	25949390	25964862	+
1	25965056	25976971	+
1	25965056	25969234	+
1	25965056	25969238	+
1	25965056	25976965	+
1	25969371	25976971	+
1	25969371	25976965	+
1	25980167	25980662	+
1	25980796	25985795	+
1	26004027	26008992	-
1	26009174	26010162	-
1	26010299	26010863	-
1	26077288	26079170	-
1	26080390	26086578	-
1	26086701	26090261	-
1	26090394	26090633	-
1	26090737	26095816	-
1	26095932	26097488	-
1	26097666	26101041	-
1	26101171	26104388	-
1	26104534	26106459	-
1	26106564	26111159	-
1	26111283	26112878	-
1	26113024	26118818	-
1	26118999	26120720	-
1	26120867	26123633	-
1	26123768	26125786	-
1	26126105	26128403	-
1	26128555	26130211	-
1	26130323	26130728	-
1	26130945	26131286	-
1	26131395	26134969	-
1	26135136	26136735	-
1	26136903	26150822	-
1	26151734	26152438	-
1	26152552	26158116	-
1	26158451	26159314	-
1	26159420	26167157	-
1	26167237	26169956	-
1	26170000	26173718	-
1	26170000	26190239	-
1	26173842	26190239	-
1	26190309	26209173	-
1	26209306	26213228	-
1	26213311	26247867	-
1	26247920	26255213	-
1	26301646	26312739	+
1	26312881	26316364	+
1	26476164	26476864	-
1	26477047	26477694	-
1	26478600	26479490	-
1	26479672	26480502	-
1	26480674	26480837	-
1	26480986	26481601	-
1	26481793	26485542	-
1	26485853	26485983	-
1	26485853	26489420	-
1	27037315	27037404	+
1	27037699	27046255	+
1	27046371	27047050	+
1	27047215	27049552	+
1	27049729	27051696	+
1	27051887	27055032	+
1	27055161	27057090	+
1	27078125	27080929	+
1	27081109	27088947	+
1	27089118	27090085	+
1	27137783	27156417	+
1	27156554	27162743	+
1	27162923	27164580	+
1	27164757	27165584	+
1	27165730	27168813	+
1	27168954	27171225	+
1	27248520	27249531	-
1	27258344	27288175	-
1	27288276	27313798	-
1	27313855	27315336	-
1	27315451	27317240	-
1	27317348	27329857	-
1	27329967	27330362	-
1	27330441	27343411	-
1	27343563	27344662	-
1	27344721	27346287	-
1	27344721	27383024	-
1	27381286	27450520	+
1	27388003	27450520	+
1	27450661	27459313	+
1	27450661	27465972	+
1	27459491	27465972	+
1	27465997	27472675	+
1	27472870	27473760	+
1	27473930	27475371	+
1	27475479	27478089	+
1	27478261	27499705	+
1	27499819	27507105	+
1	27507266	27509739	+
1	27509894	27516347	+
1	27516456	27523053	+
1	27523104	27525583	+
1	27525680	27530281	+
1	27530364	27544010	+
1	27544145	27550706	+
1	27550835	27551481	+
1	27551619	27553626	+
1	27553733	27561269	+
1	27561428	27563593	+
1	27563772	27564833	+
1	27564855	27568043	+
1	27568222	27568309	+
1	27568479	27574603	+
1	27574790	27578294	+
1	27578401	27589738	+
1	27589983	27595097	+
1	27595211	27597174	+
1	27597288	27598951	+
1	27599029	27599731	+
1	27606162	27717513	+
1	27633328	27717513	+
1	27679613	27717513	+
1	27717616	27726362	+
1	27726441	27744011	+
1	27744176	27744968	+
1	27745087	27748632	+
1	27745087	27754136	+
1	27748744	27754136	+
1	27754251	27759036	+
1	27759165	27764977	+
1	27765094	27765424	+
1	27765709	27767904	+
1	27768128	27769349	+
1	27769522	27769750	+
1	27769853	27770220	+
1	27770272	27770362	+
1	27770421	27773866	+
1	27770421	27773869	+
1	27773970	27779406	+
1	27779631	27781269	+
1	27872317	27878431	+
1	27878536	27880542	+
1	27880657	27881482	+
1	27882395	27883606	+
1	27884273	27884424	+
1	27884595	27887000	+
1	27887107	27888690	+
1	27888776	27891099	+
1	27891276	27891408	+
1	27891276	27892403	+
1	27891572	27892403	+
1	27892585	27893624	+
1	27892585	27899769	+
1	27893772	27899769	+
1	27899983	27900390	+
1	27899983	27919896	+
1	27903178	27903212	+
1	27909114	27909721	+
1	27909839	27914838	+
1	27914944	27915597	+
1	27915711	27917133	+
1	27917370	27918834	+
1	27919190	27923336	+
1	27923935	27925016	+
1	27961975	27966284	-
1	27966366	27972617	-
1	27972715	27974896	-
1	27975042	27980658	-
1	27980751	27998867	-
1	27999000	28000453	-
1	28000555	28003110	-
1	28003207	28005607	-
1	28005672	28008172	-
1	28008325	28047246	-
1	28047331	28114703	-
1	28047331	28197263	-
1	28197325	28302165	-
1	28566531	28566907	+
1	28566971	28572082	+
1	28566971	28573887	+
1	28566971	28586521	+
1	28572151	28573887	+
1	28572151	28586521	+
1	28574013	28586521	+
1	28587078	28589708	+
1	28589888	28597970	+
1	28598191	28599397	+
1	28599591	28602874	+
1	28602971	28606543	+
1	28606730	28608493	+
1	28608641	28610291	+
1	28610425	28614345	+
1	28614470	28619628	+
1	28619859	28621711	+
1	28621819	28625039	+
1	28625159	28627523	+
1	28627655	28629244	+
1	28629386	28641446	+
1	28629386	28645802	+
1	28641644	28645802	+
1	28645830	28659700	+
1	28645830	28685286	+
1	28659819	28674784	+
1	28659819	28685286	+
1	28674842	28685286	+
1	28685343	28721097	+
1	28685343	28746951	+
1	28721261	28726351	+
1	28726453	28744143	+
1	28726453	28746951	+
1	28744186	28746951	+
1	28747002	28754366	+
1	28754467	28759123	+
1	28820824	28832851	-
1	28832960	28835714	-
1	28835826	28836685	-
1	28836812	28836902	-
1	28837018	28838228	-
1	28838372	28841131	-
1	28841387	28843098	-
1	28843204	28843889	-
1	28843971	28845179	-
1	28845415	28847391	-
1	28847613	28847862	-
1	28847956	28849462	-
1	28849535	28851520	-
1	28851639	28854228	-
1	28851639	28856002	-
1	28851639	28856927	-
1	28902301	28907075	-
1	28907326	28907358	-
1	28924737	28926282	-
1	28926391	28926414	-
1	28969002	28972316	+
1	28972383	28978667	+
1	28978797	28982359	+
1	28982555	28984018	+
1	28982555	29018350	+
1	28984235	29018350	+
1	29018460	29023525	+
1	29023588	29023668	+
1	29023789	29024262	+
1	29024429	29027847	+
1	29027966	29033572	+
1	29033720	29034789	+
1	29034865	29035381	+
1	29035500	29035900	+
1	29035970	29038672	+
1	29035970	29042016	+
1	29038778	29042016	+
1	29042108	29042535	+
1	29042645	29046642	+
1	29042645	29051752	+
1	29046744	29048707	+
1	29046744	29051752	+
1	29048852	29051752	+
1	29060889	29064776	+
1	29064925	29066390	+
1	29066547	29068135	+
1	29068286	29069667	+
1	29069925	29072288	+
1	29072451	29078871	+
1	29108679	29108703	-
1	29626478	29680764	+
1	29680981	29724036	+
1	29724113	29745153	+
1	29724113	29748158	+
1	29745299	29746771	+
1	29745299	29748158	+
1	29747098	29748158	+
1	29748024	29748158	+
1	29748235	29748689	+
1	29748766	29749176	+
1	29749282	29749385	+
1	29749470	29749584	+
1	29749717	29749979	+
1	29750093	29750443	+
1	29750568	29751020	+
1	29751117	29751592	+
1	29751749	29751854	+
1	29751945	29752392	+
1	29836275	29855941	+
1	29842481	29855941	+
1	29857283	29878835	+
1	29857283	29883485	+
1	29878959	29883485	+
1	29883619	29897857	+
1	29900852	29900906	+
1	29902166	29905097	-
1	29905193	29905285	-
1	29905390	29907307	-
1	29907372	29907546	-
1	29907630	29912515	-
1	29912695	29936481	-
1	29975836	29977534	-
