2001	99
3558	5663	2	0	1	2
5760	10904	2	0	2	2
10993	14812	2	0	0	2
14998	15021	4	0	6	2
15217	18491	2	1	3	2
23965	27358	1	1	0	1
23965	30766	1	1	0	1
27467	30766	1	0	0	1
30849	33298	1	2	0	1
33429	38649	1	3	1	1
38757	39744	1	5	2	1
96363	128196	2	0	3	2
113037	113085	4	0	1	2
113345	113360	4	0	1	2
121865	121914	0	0	1	2
122408	122995	0	1	1	2
123046	128196	2	1	3	2
128290	131004	2	1	3	2
131114	132484	2	0	0	2
132692	147379	2	0	2	2
132692	151419	2	0	3	2
147473	151419	2	2	5	2
151593	160328	2	1	3	2
151593	171674	2	1	2	2
160431	171674	2	4	2	2
170668	171674	2	0	2	2
171216	171674	2	0	2	2
171856	174032	2	2	3	2
174420	174599	0	49	22	2
175755	186319	0	0	5	2
175755	186691	2	0	2	2
199131	199776	0	0	2	1
200179	200362	1	3	2	1
200660	201336	1	1	1	1
201398	201609	1	4	0	1
201868	203744	1	0	0	1
203806	204307	1	0	2	1
204439	204559	1	1	0	1
204730	204844	1	1	1	1
205062	206404	1	1	2	1
207201	207601	1	1	0	1
207720	207806	1	2	2	1
207826	209389	0	2	2	1
352212	353172	0	0	0	1
353331	353417	1	2	2	1
354115	354822	1	3	1	1
355015	355130	1	1	0	1
355353	355579	0	0	0	1
355775	355932	1	1	0	1
470858	470991	1	2	0	1
471184	471793	1	3	0	1
471859	474078	1	2	1	1
513673	515024	2	2	2	2
515139	515935	2	0	2	2
516155	516468	2	2	0	2
516595	517094	2	0	1	2
517172	518531	2	2	3	2
518616	525826	2	1	2	2
526001	527368	2	1	1	2
527438	528441	2	0	0	2
527438	529490	2	0	2	2
528472	529490	2	0	2	2
529594	530333	2	2	6	2
530449	531640	4	0	1	2
531778	532234	2	3	0	2
532333	534367	2	0	1	2
534458	534742	2	3	0	2
534845	535733	2	0	2	2
534845	537844	2	0	3	2
535869	537844	2	1	3	2
535874	537844	2	0	2	2
538014	538422	2	0	2	2
538014	540857	2	0	2	2
541135	546499	1	0	0	1
546707	549709	1	2	1	1
549869	551769	1	0	0	1
555769	559997	1	2	1	1
557013	559997	1	2	1	1
557438	559997	1	2	1	1
560105	563365	1	1	0	1
563497	564095	1	2	0	1
563497	564101	1	2	0	1
564180	565192	1	3	2	1
565327	565415	1	1	0	1
565566	566062	1	0	2	1
566173	567697	1	2	3	1
567852	570479	1	1	1	1
567852	574879	1	1	0	1
570636	574879	1	2	0	1
574989	575256	1	1	1	1
575446	576519	1	2	2	1
578138	578373	2	1	1	2
578588	586690	1	4	2	1
586744	586839	1	2	0	1
586887	593016	1	4	0	1
593156	598023	1	1	1	1
598149	600484	1	2	0	1
600608	601785	1	3	2	1
601838	602984	1	3	0	1
603056	604245	1	4	0	1
604355	608274	1	2	0	1
608357	609236	1	0	1	1
609329	610173	1	1	0	1
610242	610471	1	2	1	1
610594	611256	1	2	0	1
611340	617143	1	1	0	1
617223	618932	1	1	0	1
619011	626315	1	1	0	1
626414	627723	1	3	1	1
627814	631451	1	2	2	1
631574	632857	1	1	1	1
632992	633490	1	2	3	1
633589	635131	1	0	0	1
635254	641932	1	0	1	1
642031	643373	1	2	2	1
643477	653583	1	0	1	1
653683	719870	1	3	0	1
855362	857884	1	5	1	1
857960	859843	1	1	0	1
860401	861462	1	1	1	1
861548	863468	1	2	0	1
863666	865765	1	1	0	1
865907	866505	1	1	0	1
866600	867480	1	0	0	1
867649	867857	1	0	0	1
868035	868718	1	1	0	1
868893	869319	1	2	0	1
869448	869525	1	2	0	1
869679	870178	1	4	3	1
870398	871771	1	2	1	1
871880	872608	1	2	1	1
872769	874062	1	1	0	1
874182	874625	1	4	0	1
874861	876036	1	1	3	1
876265	876705	1	1	2	1
876978	877432	1	2	2	1
876978	878173	1	3	0	1
877531	878173	1	2	0	1
878314	880553	1	2	0	1
922126	922815	2	1	3	2
922984	923823	2	0	1	2
923964	924294	2	0	4	2
1194618	1196649	2	0	3	2
1196688	1197261	4	0	2	2
1196688	1203492	2	0	0	2
1197470	1203492	2	2	0	2
1203768	1204566	2	1	3	2
1204667	1233508	2	2	2	2
1233592	1239431	2	3	4	2
1239619	1262950	2	0	3	2
1263026	1263524	2	0	2	2
1263576	1266316	2	0	3	2
1263609	1266316	2	0	2	2
1266365	1279135	2	1	3	2
1279236	1279864	2	2	3	2
1279972	1289185	2	0	2	2
1289358	1332405	2	0	1	2
1414319	1419613	3	0	0	1
1414319	1419679	3	0	0	1
1419659	1419679	3	0	0	1
1419813	1420712	1	1	1	1
1420771	1420824	1	0	0	1
1420819	1420878	1	0	1	1
1421022	1421701	1	3	2	1
1496219	1500731	1	3	1	1
1496219	1507625	1	3	0	1
1503112	1505831	1	2	0	1
1505850	1506915	3	2	1	1
1507001	1507094	1	4	0	1
1507230	1507625	1	0	0	1
1507779	1508374	1	2	1	1
1508509	1510449	0	2	0	1
1508511	1510450	1	1	3	1
1510542	1513685	1	0	0	1
1513766	1514055	1	0	1	1
1514133	1515013	1	3	0	1
1515201	1515299	1	1	4	1
1515456	1515992	1	2	1	1
1516059	1516257	1	3	1	1
1516327	1516854	1	1	1	1
1517030	1517609	1	2	0	1
1517898	1519440	1	2	0	1
1519521	1520104	1	3	1	1
1527669	1527929	2	1	1	2
1528086	1528410	2	3	1	2
1528550	1530100	4	0	0	2
1530273	1531346	2	2	0	2
1531521	1535189	2	1	6	2
1535328	1536755	2	2	1	2
1536831	1537739	4	0	1	2
1582186	1584178	2	0	1	2
1585127	1585827	2	0	3	2
1586008	1586303	2	1	2	2
1586396	1586976	2	0	0	2
1587172	1588146	2	0	0	2
1588266	1588644	2	1	2	2
1588719	1588880	2	1	1	2
1588947	1600085	2	1	2	2
1600173	1602649	2	1	1	2
1602754	1606213	2	1	2	2
1606413	1608253	2	1	1	2
1608398	1609719	2	1	3	2
1609986	1610326	2	0	2	2
1610422	1611007	2	0	0	2
1611154	1611853	2	0	2	2
1611154	1614001	2	0	3	2
1611875	1614001	2	1	5	2
1614208	1614320	2	0	1	2
1614383	1617343	2	0	3	2
1617463	1619968	2	1	2	2
1620039	1625111	2	0	1	2
1625375	1626216	2	0	5	2
1626312	1630288	2	0	2	2
1626312	1633212	2	0	3	2
1630334	1633212	2	1	5	2
1633381	1634702	2	1	2	2
1634815	1639164	2	2	1	2
1639323	1654690	2	2	1	2
1654852	1657901	2	0	0	2
1658066	1659533	2	0	2	2
1659650	1663596	2	0	2	2
1663793	1664542	2	1	0	2
1663793	1697098	2	1	1	2
1663793	1698342	2	1	2	2
1920837	1939605	1	1	0	1
1930170	1939605	1	3	0	1
1938530	1939605	1	3	0	1
1939736	1944518	1	3	0	1
1943590	1944518	3	4	0	1
1944701	1946262	1	1	4	1
1946493	1948388	1	2	1	1
1948515	1950089	1	1	1	1
1950305	1950778	1	1	0	1
1950915	1951921	1	1	1	1
1952054	1957441	1	1	0	1
1974767	1974807	3	1	1	1
1974953	1974977	3	0	2	1
1975447	1975686	1	0	1	1
1975904	1975938	1	0	0	1
1976058	1976074	1	1	0	1
1986453	1987269	2	0	3	2
1987371	1988821	2	0	1	2
1988901	1989347	2	0	2	2
1989504	1992317	2	0	4	2
1992528	1995991	2	0	1	2
2019725	2019807	2	1	0	2
2070636	2074676	3	1	1	1
2074642	2074708	3	0	0	1
2074794	2074836	1	0	0	1
2074796	2074810	1	0	0	1
2096006	2097580	2	0	2	2
2097678	2098659	2	0	3	2
2098700	2101546	2	1	2	2
2101616	2103121	2	2	2	2
2103235	2104931	2	1	1	2
2105156	2111125	2	1	3	2
2105156	2113532	2	1	3	2
2111186	2113532	2	0	2	2
2113614	2116389	2	1	2	2
2116528	2116966	2	0	1	2
2117056	2117531	2	1	1	2
2117587	2119949	2	0	2	2
2120004	2120656	2	1	3	2
2146634	2147152	1	1	1	1
2146922	2147152	1	1	1	1
2147318	2149551	1	2	0	1
2149613	2151806	1	0	1	1
2151863	2153171	3	1	2	1
2153230	2155844	1	2	1	1
2155919	2159163	1	1	1	1
2159278	2161089	1	2	0	1
2161136	2162924	1	3	0	1
2161136	2163682	1	2	1	1
2163000	2163682	1	1	1	1
2163761	2163814	0	1	2	1
2204034	2207819	1	2	1	1
2207880	2262100	1	2	1	1
2262012	2262100	1	1	1	1
2262152	2436563	1	2	1	1
2321103	2436563	1	0	1	1
2323419	2436563	1	1	1	1
2374220	2436563	1	1	1	1
2375361	2436563	1	2	1	1
2375361	2441931	1	2	2	1
2436681	2441931	1	2	3	1
2442014	2457744	1	2	0	1
2457826	2460604	1	1	0	1
2460685	2461654	1	2	2	1
2461762	2464307	1	0	0	1
2464346	2466668	1	2	0	1
2466812	2469877	1	1	0	1
2469949	2471567	1	0	0	1
2471657	2486443	1	1	2	1
2486509	2492454	1	0	0	1
2492558	2497078	1	3	0	1
2497210	2498649	1	5	0	1
2498776	2506523	1	2	0	1
2506614	2507248	1	0	2	1
2507407	2509096	0	0	1	1
2509260	2512507	1	2	2	1
2509260	2514524	1	2	0	1
2512585	2514524	1	1	0	1
2514642	2517939	1	2	1	1
2518078	2519629	1	2	1	1
2541699	2549444	1	2	1	1
2549449	2551156	1	0	0	1
2551254	2551895	1	1	0	1
2552029	2552362	1	0	1	1
2568554	2570290	2	0	1	2
2570305	2572789	2	0	0	2
2572799	2572972	2	0	0	2
2572988	2574775	5	0	0	2
2574811	2581955	0	0	0	2
2576954	2585687	1	2	2	1
2585775	2586618	1	0	1	1
2586702	2587776	1	3	0	1
2587859	2588777	1	0	0	1
2588814	2590419	1	1	0	1
2590479	2591683	1	1	3	1
2591714	2592991	1	1	1	1
2599792	2601555	3	0	2	1
2601936	2601946	3	0	0	1
2608927	2610532	0	0	0	1
2610650	2611916	0	0	3	1
2612177	2612282	1	1	0	1
2612533	2613588	1	1	1	1
2677629	2677937	0	0	1	1
2678099	2678321	0	0	1	1
2678818	2679493	0	0	0	1
2716773	2717186	3	0	0	1
2717370	2717859	1	3	1	1
2718125	2719098	1	3	0	1
2719234	2719952	1	2	0	1
2720015	2720134	1	2	0	1
2720197	2721784	1	0	0	1
2720197	2721787	1	0	1	1
2721962	2722990	1	0	0	1
2723121	2724701	1	3	0	1
2776995	2781854	2	2	3	2
2780327	2781854	2	0	3	2
2782082	2782487	2	1	2	2
2782604	2782724	2	2	0	2
2882475	3073441	1	2	0	1
3073577	3238762	1	3	2	1
3121132	3238762	1	0	2	1
3238892	3285107	1	2	0	1
3285137	3302130	1	1	0	1
3302252	3302751	1	1	0	1
3302802	3314470	1	0	0	1
3314612	3319772	1	1	1	1
3319929	3321369	1	2	2	1
3321421	3322207	1	4	5	1
3322267	3324411	1	0	0	1
3324464	3331634	1	1	0	1
3331778	3334389	1	2	0	1
3334483	3337269	1	3	1	1
3337457	3351464	1	0	0	1
3351608	3353938	1	0	2	1
3354023	3355457	1	1	0	1
3355609	3359193	1	2	0	1
3359350	3368365	1	2	0	1
3368539	3383385	1	3	0	1
3383497	3386466	1	2	1	1
3409332	3409366	3	0	2	1
3409637	3409657	1	2	0	1
3409854	3410671	1	3	1	1
3410837	3415154	3	0	0	1
3415280	3421468	1	2	0	1
3421677	3424189	1	2	0	1
4732918	4733373	0	1	2	2
4738547	4742477	2	0	2	2
4742553	4745306	2	2	3	2
4743339	4745306	2	3	4	2
4744599	4745306	2	0	3	2
4745583	4746967	2	0	0	2
4745607	4746967	2	0	0	2
4747056	4775753	2	1	0	2
4775898	4806599	2	1	2	2
4775898	4822370	2	1	2	2
4775898	4843271	2	1	0	2
4806639	4822370	2	2	2	2
4822488	4843271	2	0	0	2
4843415	4881814	2	0	2	2
4843415	4883098	2	0	2	2
4968385	5181122	2	0	1	2
5181273	5206928	2	0	0	2
5207101	5396370	2	3	2	2
5396506	5464742	2	2	0	2
5679030	5698508	1	0	0	1
5698673	5858868	1	3	0	1
5859098	5922519	1	1	0	1
5859098	5922522	1	1	0	1
5922642	6068630	1	3	1	1
6068715	6138010	1	0	1	1
6138127	6291151	1	3	1	1
6291289	6511280	1	1	0	1
6511343	6525101	1	4	0	1
6511343	6692613	1	4	0	1
6525252	6692613	1	1	0	1
6692698	6724331	1	3	1	1
6724450	6729732	1	1	3	1
6772564	6807713	1	2	2	1
6807979	6864825	1	0	0	1
6864996	6872711	1	1	1	1
6872874	6873186	1	0	0	1
6873341	6876094	1	3	0	1
6876198	6878281	1	2	1	1
6878358	6880545	1	2	1	1
6880676	6880726	0	5	3	1
6880745	6883017	1	1	0	1
6891771	6893109	2	5	2	2
6893290	6895015	2	0	2	2
6895123	6896012	2	0	2	2
6896136	6898047	2	1	2	2
6898208	6899086	2	1	0	2
6899204	6900698	2	0	2	2
6900770	6902047	2	1	1	2
6902240	6904726	2	0	1	2
6904808	6905473	2	0	1	2
6905575	6908551	2	1	3	2
6905575	6909503	2	1	3	2
6908699	6909503	2	0	3	2
6909601	6912978	2	0	3	2
6913046	6914022	2	0	1	2
6914102	6914304	2	2	2	2
6914439	6914921	2	0	2	2
6915084	6917399	2	0	2	2
6917550	6918809	2	3	3	2
6919073	6920997	1	0	0	1
6919077	6920968	2	3	2	2
6921039	6921125	3	0	1	1
6921053	6921139	2	1	2	2
6921189	6922925	3	0	0	1
6921240	6922949	2	1	2	2
6923058	6926577	3	0	2	1
6923067	6926583	2	0	1	2
6926742	6932376	2	2	1	2
6932524	6935647	2	0	4	2
6935891	6951210	2	0	2	2
6952575	6962802	2	0	2	2
6962994	7049429	2	1	2	2
7062508	7067124	1	2	2	1
7067261	7068603	1	5	1	1
7068711	7073510	1	0	0	1
7073626	7075216	1	0	3	1
7075357	7077131	1	2	0	1
7077253	7079656	1	0	0	1
7079776	7080899	1	0	0	1
7081063	7081949	1	0	0	1
7082096	7085550	1	1	0	1
7085711	7091590	1	0	0	1
7091770	7093461	1	2	0	1
7093611	7094711	1	0	0	1
7094806	7097916	1	1	0	1
7098038	7099875	1	2	3	1
7099951	7100527	1	0	2	1
7100669	7102795	1	3	0	1
7102903	7108362	1	2	1	1
7108509	7109115	1	3	1	1
7112147	7117527	2	0	2	2
7117628	7120659	2	3	1	2
7120773	7121720	2	0	1	2
7121830	7130415	2	1	2	2
7130631	7130749	2	2	1	2
7130848	7160497	2	0	2	2
7160616	7161458	2	1	1	2
7161628	7163659	2	0	1	2
7163815	7166143	2	3	2	2
7166248	7206881	2	0	2	2
7290262	7291928	1	2	0	1
7292033	7298620	1	3	2	1
7298776	7301037	1	0	0	1
7301207	7306568	1	1	2	1
7306684	7308292	1	4	0	1
7308400	7309873	1	1	2	1
7310089	7311177	1	1	0	1
7311287	7312166	1	4	1	1
7312280	7316277	1	1	0	1
7316378	7321787	1	2	0	1
7340880	7342538	2	1	2	2
7342639	7344411	2	0	1	2
7342639	7347310	2	0	2	2
7344525	7347310	2	1	8	2
7347420	7351123	2	0	1	2
7351339	7354889	2	2	1	2
7355000	7355236	2	0	2	2
7355352	7356233	2	2	1	2
7356403	7357359	2	0	0	2
7357450	7357450	0	1	0	2
7357480	7357480	0	2	0	2
7357514	7359013	0	0	1	2
7357515	7359013	2	2	2	2
7359118	7365012	2	0	2	2
7369891	7371041	2	2	2	2
7371112	7372066	2	1	1	2
7372217	7375882	2	1	0	2
7376070	7378333	2	0	2	2
7378522	7379089	2	1	0	2
7379237	7380000	2	2	4	2
7380116	7381306	2	2	1	2
7381444	7382163	2	2	0	2
7382399	7383621	2	0	0	2
7383769	7384052	2	0	5	2
7384261	7386165	2	4	2	2
7386328	7389020	2	1	1	2
7389171	7391062	2	1	0	2
7391282	7391792	2	4	2	2
7392050	7392374	2	1	1	2
7392495	7393234	2	1	1	2
7393362	7394692	2	0	0	2
7394884	7395904	2	0	3	2
7396042	7400284	2	0	0	2
7400383	7400632	2	0	1	2
7400764	7401784	2	1	3	2
7402001	7402445	2	1	4	2
7402534	7402772	2	1	1	2
7402949	7403026	2	1	1	2
7403171	7403727	2	0	1	2
7403899	7406082	2	1	2	2
7406279	7408088	2	0	1	2
7408191	7409167	2	1	3	2
7409270	7411506	2	0	1	2
7411687	7413086	2	1	3	2
7413256	7413684	2	0	3	2
7413801	7414412	2	1	2	2
7414591	7415038	4	0	2	2
7415187	7415777	2	1	2	2
7415916	7420394	2	4	3	2
7420539	7421862	2	0	1	2
7422004	7424284	2	0	3	2
7424450	7429734	2	2	3	2
7429839	7430655	2	2	1	2
7430822	7430975	2	0	2	2
7431139	7433587	2	1	2	2
7433694	7435774	2	1	3	2
7435905	7437105	2	0	2	2
7437239	7441989	2	2	2	2
7442089	7443937	2	1	1	2
7444063	7452878	2	1	1	2
7453019	7472242	2	0	2	2
7560479	7562097	2	0	0	2
7562197	7562306	2	0	0	2
7562483	7562790	2	0	0	2
7562925	7564660	4	0	0	2
7564721	7565054	2	0	1	2
7565120	7567046	2	0	2	2
7567103	7568954	2	1	2	2
7569041	7570615	2	0	4	2
7570686	7571192	2	0	2	2
7571337	7571484	2	4	1	2
7571562	7573231	2	1	1	2
7573333	7574878	2	0	2	2
7574968	7575118	2	0	2	2
7575243	7576011	2	6	0	2
7576052	7578240	2	1	1	2
7578315	7578606	2	0	3	2
7582126	7582904	2	0	1	2
7583137	7588689	2	1	2	2
7588877	7589175	2	1	1	2
7588877	7589910	2	1	2	2
7590388	7590763	1	1	0	1
7590388	7591545	1	1	0	1
7591632	7591841	1	0	1	1
7591971	7592913	1	1	2	1
7593012	7593399	1	0	1	1
7593511	7593805	1	0	0	1
7593988	7594610	1	1	1	1
7594738	7598204	1	2	1	1
7598381	7598841	1	2	0	1
7598966	7599264	1	0	0	1
7599458	7599608	1	1	1	1
7599773	7600411	1	1	1	1
7601123	7601767	2	2	2	2
7601879	7602886	2	2	0	2
7603042	7603697	2	1	3	2
7603821	7605072	2	3	2	2
7605217	7606203	2	0	5	2
7606322	7608263	2	1	2	2
7608446	7611849	2	2	4	2
7611985	7612170	2	1	2	2
7611985	7612698	2	1	3	2
7623838	7624770	2	0	1	2
7624926	7630576	2	0	2	2
7630360	7630576	2	0	2	2
7630756	7635184	2	0	0	2
7635313	7636587	2	0	0	2
7636647	7640068	2	2	2	2
7640125	7642840	2	3	2	2
7642879	7651105	2	1	2	2
7642879	7651408	2	1	1	2
7679693	7680046	1	3	0	1
7680060	7680134	0	3	1	1
7680250	7684074	1	1	2	1
7680250	7686759	1	1	1	1
7684192	7686759	1	2	1	1
7686940	7688733	1	6	3	1
8008109	8010481	2	1	2	2
8010605	8012060	2	0	2	2
8012223	8013015	2	1	2	2
8013046	8016401	2	0	3	2
8016482	8021459	2	3	2	2
8021569	8026795	2	2	3	2
8027027	8029023	2	0	1	2
8029183	8031192	2	0	2	2
8031262	8039459	2	0	2	2
8039570	8039634	4	0	0	2
8039570	8039661	4	0	1	2
8039891	8040953	2	0	1	2
8041066	8044473	2	2	1	2
8044575	8045541	2	2	2	2
8045807	8045826	4	0	0	2
8045822	8045847	2	0	0	2
8046051	8046119	4	0	0	2
8046329	8046361	2	0	0	2
8046418	8046543	4	0	0	2
8046874	8046885	4	0	3	2
8046879	8046899	4	0	0	2
8047255	8047290	4	0	1	2
8047435	8047467	4	2	0	2
8047546	8047569	4	0	0	2
8047643	8047669	4	0	1	2
8047643	8047717	2	0	0	2
8047772	8047794	4	2	0	2
8048150	8050067	2	0	0	2
8048157	8050056	2	0	0	2
8050257	8053179	2	0	2	2
8053288	8053996	2	0	1	2
8054185	8055371	2	0	5	2
8055490	8056964	2	0	3	2
8057064	8060532	2	0	1	2
8060740	8078506	2	0	2	2
8060740	8081389	2	0	1	2
8078576	8078979	2	1	1	2
8079067	8081389	2	0	1	2
8081585	8083380	4	0	0	2
8081585	8085478	2	0	0	2
8168908	8176957	2	1	2	2
8177108	8177301	2	0	2	2
8177547	8178051	2	0	2	2
8209408	8210007	1	1	0	1
8210093	8210179	1	0	0	1
8210234	8210539	1	2	1	1
8210607	8212221	1	1	0	1
8212389	8213046	1	2	1	1
8213209	8213694	1	2	1	1
8213805	8215202	1	0	1	1
8215399	8215951	1	2	3	1
8216067	8216703	1	3	0	1
8243340	8244352	3	0	0	1
8243613	8243940	3	2	3	1
8243802	8243814	1	1	1	1
8244104	8244136	3	0	0	1
8244167	8244187	3	0	0	1
8244410	8249316	1	0	0	1
8247668	8249316	1	2	0	1
8249393	8258341	3	3	0	1
8249405	8258341	1	1	0	1
8258484	8259792	1	2	0	1
8259939	8261198	1	2	0	1
8261403	8263144	1	0	1	1
8263308	8264853	1	2	0	1
8264941	8265351	1	0	0	1
8265471	8265488	1	1	1	1
8265546	8265572	3	1	1	1
8403529	8404485	1	1	2	1
8404572	8429562	1	0	0	1
8429647	8434505	1	3	2	1
8434602	8435441	1	2	2	1
8435717	8436291	1	2	0	1
8436376	8437039	1	0	0	1
8437187	8444128	1	0	2	1
8444226	8448682	1	0	1	1
8448847	8449049	1	1	1	1
8449181	8449790	1	2	0	1
8449952	8450207	1	1	1	1
8450301	8451464	1	1	1	1
8451714	8451805	1	1	0	1
8453617	8454593	2	0	0	2
8454800	8455789	2	0	1	2
8455896	8456805	2	1	2	2
8456906	8458940	2	0	2	2
8459112	8461005	2	0	2	2
8461109	8470805	2	3	0	2
8470985	8482245	2	1	0	2
8482381	8487558	2	0	1	2
8487684	8489780	2	0	0	2
8489860	8491390	2	0	1	2
8491517	8516757	4	0	0	2
8516816	8533190	2	0	3	2
8533410	8536270	2	1	1	2
8556140	8558747	1	2	0	1
8558790	8561661	1	2	1	1
8561786	8562117	1	1	0	1
8562196	8562474	1	1	1	1
8566829	8567228	2	1	1	2
8567296	8568153	2	0	1	2
8568236	8569175	4	0	0	2
8569231	8571443	2	0	2	2
8571496	8572071	2	0	2	2
8572175	8574422	2	1	3	2
8574481	8574706	2	0	0	2
8574799	8575031	2	1	3	2
8575163	8575641	2	0	1	2
8575742	8576773	2	0	0	2
8576855	8586431	2	0	0	2
8586459	8586484	2	0	1	2
8586542	8589929	2	0	2	2
8590052	8592287	2	0	2	2
8592379	8597911	4	0	0	2
8598060	8635293	2	1	4	2
8635413	8635437	4	0	1	2
8635469	8635516	4	1	0	2
8655566	8656736	2	2	3	2
8658307	8658371	4	0	0	2
8658776	8658795	2	1	0	2
8659203	8661515	2	0	3	2
8661660	8665555	2	0	4	2
8665650	8666463	2	0	3	2
8666609	8669578	2	1	2	2
8669724	8679439	2	0	3	2
8679675	8680803	2	0	2	2
8681029	8692072	2	0	4	2
8692240	8696307	2	0	2	2
8696443	8698559	2	0	2	2
8698741	8729490	2	2	3	2
8729653	8738040	2	7	2	2
8738170	8822875	2	3	2	2
8765348	8767043	1	0	0	1
8765501	8767043	3	1	0	1
8766038	8767021	1	0	0	1
8767106	8767147	3	1	3	1
8928818	8933754	2	0	1	2
8933828	8934937	2	1	2	2
8935179	8949347	1	2	0	1
8935217	8949347	1	2	0	1
8949446	8952064	1	0	1	1
8949446	8958081	1	0	1	1
8952102	8954953	1	1	1	1
8955091	8958081	1	1	1	1
8958172	8959765	1	1	0	1
8959898	8962417	1	1	0	1
8962540	8964035	1	0	1	1
8964165	8975154	1	2	1	1
8975269	8977545	1	2	0	1
8977709	8991772	1	3	1	1
8991924	8993128	1	2	0	1
8993271	8994212	1	2	0	1
8994308	8995819	1	2	0	1
8995918	8997081	1	2	2	1
8997265	8998330	1	1	0	1
8998475	9000090	1	3	0	1
9017586	9018518	2	0	1	2
9017586	9019116	2	0	2	2
9018669	9019116	2	0	2	2
9019269	9021047	2	1	2	2
9021157	9022901	2	0	0	2
9023015	9024719	2	0	0	2
9024855	9026687	2	0	2	2
9026862	9027585	2	1	2	2
9027755	9028309	2	4	2	2
9028389	9028487	2	1	3	2
9028707	9032774	2	0	3	2
9032893	9034250	2	0	2	2
9034408	9036483	2	0	0	2
9036643	9038439	2	1	1	2
9038633	9040278	2	1	3	2
9040420	9041102	2	0	4	2
9041185	9041996	2	0	1	2
9042189	9045148	2	0	1	2
9045315	9045397	2	2	2	2
9045548	9046246	2	3	2	2
9046329	9047804	2	0	1	2
9047978	9050500	2	0	2	2
9050598	9053634	2	1	3	2
9053697	9060508	2	2	2	2
9060593	9069028	2	0	4	2
9069255	9073843	2	1	1	2
9074115	9082919	2	3	1	2
9083007	9108798	2	0	1	2
9131893	9133118	2	0	1	2
9133211	9135288	2	0	2	2
9135404	9138238	2	1	2	2
9138329	9139949	2	0	4	2
9140027	9145726	2	2	2	2
9145805	9148839	2	0	0	2
9148944	9150603	2	0	0	2
9150708	9153129	2	1	2	2
9153261	9158690	2	2	3	2
9158809	9158928	2	0	0	2
9159055	9161935	2	2	0	2
9162021	9167469	2	2	0	2
9167621	9169431	2	0	4	2
9169598	9176633	2	2	2	2
9169598	9191139	2	2	3	2
9176718	9191139	2	2	2	2
9191266	9192611	2	0	2	2
9192687	9192785	2	1	2	2
9192687	9195337	2	1	0	2
9195425	9238738	2	1	2	2
9209314	9209362	3	0	0	1
9209428	9209521	3	0	1	1
9209773	9209789	1	1	0	1
9210001	9210019	3	0	0	1
9210053	9210145	1	0	0	1
9210184	9210262	3	0	3	1
9210494	9210512	3	0	0	1
9350268	9350328	0	0	1	2
9352331	9368793	2	1	1	2
9368897	9374190	2	0	2	2
9374301	9375869	2	0	0	2
9375973	9390134	6	0	0	2
9390184	9393392	2	2	0	2
9393531	9423375	2	0	2	2
9423535	9459834	2	0	2	2
9459996	9619393	2	0	0	2
9668016	9668500	1	2	3	1
9668602	9671385	1	2	1	1
9671524	9717634	1	0	0	1
9794770	9797463	2	0	4	2
9797595	9799519	2	0	1	2
9800304	9801638	2	0	1	2
9801736	9805065	2	1	2	2
9805217	9810579	4	0	2	2
9810753	9811006	2	0	2	2
9811146	9817278	2	0	1	2
9817484	9820782	2	2	2	2
9820993	9827301	2	0	0	2
9820993	9828180	2	0	2	2
9827461	9828180	2	1	2	2
9828273	9834799	2	0	3	2
9828291	9834799	2	0	2	2
9834946	9857293	2	1	1	2
9834946	9859330	2	1	2	2
9857423	9859330	2	1	2	2
9859659	9873356	2	4	2	2
9873537	9893443	2	3	2	2
9893534	9923612	2	1	3	2
9923857	9976153	2	1	2	2
9923857	10070670	2	1	0	2
9976196	10070670	2	2	0	2
10070782	10099393	2	1	2	2
10099544	10175650	2	0	3	2
10175846	10225734	2	1	3	2
10175846	10227668	2	1	0	2
11441995	11442039	1	3	0	1
11442108	11442124	3	1	0	1
11442385	11442460	3	0	1	1
11442520	11442545	3	0	1	1
11446107	11446735	1	0	0	1
11446832	11446948	1	0	0	1
11447060	11448026	1	0	0	1
11448112	11456381	1	2	0	1
11456528	11459008	1	0	0	1
11459191	11463398	1	1	0	1
11463529	11468470	1	1	1	1
11468564	11470412	1	2	2	1
11470667	11476604	1	2	1	1
11476768	11486955	1	2	2	1
11487103	11491532	1	2	1	1
11491658	11500850	1	3	0	1
11566437	11569079	1	3	0	1
11569232	11584815	1	2	0	1
11584925	11586272	1	1	0	1
11586425	11595992	1	2	0	1
11596113	11639844	1	2	3	1
11639973	11648136	1	1	0	1
11649615	11651384	2	0	2	2
11649713	11653850	0	0	0	1
11651540	11651883	2	0	3	2
11651972	11653144	2	1	3	2
11653251	11653816	2	0	1	2
11653876	11654687	2	0	1	2
11654797	11656688	2	4	2	2
11656808	11658686	2	0	3	2
11658867	11663341	2	0	1	2
11663451	11665439	2	0	1	2
11665566	11666404	2	0	2	2
11666474	11669198	2	1	2	2
11669379	11677694	2	0	3	2
11669379	11682768	2	0	3	2
11669379	11690084	2	0	2	2
11669379	11690579	2	0	0	2
11669379	11694103	2	0	1	2
11678453	11682768	2	0	3	2
11694208	11716215	2	0	1	2
11716480	11717396	2	1	2	2
11717490	11719525	2	1	1	2
11719605	11720668	2	2	2	2
11720774	11722969	2	0	2	2
11723132	11731350	2	2	2	2
11723132	11734549	4	1	4	2
11731423	11734549	4	0	3	2
11734697	11735344	2	2	1	2
11735531	11750857	2	0	3	2
11751083	11753691	2	1	3	2
11753865	11759280	2	1	2	2
11759717	11764686	2	1	3	2
11765863	11768177	2	2	2	2
11768289	11798989	2	1	1	2
11930067	12041130	2	1	3	2
11973248	12041130	2	1	2	2
12042596	12043665	2	0	2	2
12042596	12046381	2	0	0	2
12043885	12046381	2	0	0	2
12046451	12048327	2	2	1	2
12048473	12050187	2	0	2	2
12050322	12052199	2	0	1	2
12052357	12053593	2	0	2	2
12053708	12056478	2	0	0	2
12056580	12058730	2	0	1	2
12058925	12060340	2	0	2	2
12060454	12060956	2	1	2	2
12061089	12064955	2	1	2	2
12065074	12067135	2	0	0	2
12067213	12068441	2	0	3	2
12067216	12068441	2	0	2	2
12068619	12071468	2	0	4	2
12071600	12072965	2	1	2	2
12073120	12074755	2	0	2	2
12074918	12082332	2	0	0	2
12082378	12086506	2	0	2	2
12086591	12116161	2	0	0	2
12086591	12121838	2	0	2	2
12086591	12146297	2	0	0	2
12116226	12121838	2	1	2	2
12121907	12121987	0	2	0	2
12221190	12225852	3	0	0	1
12221602	12225852	3	1	0	1
12222827	12225850	3	1	0	1
12225024	12225852	1	1	0	1
12225944	12226215	1	1	1	1
12298225	12353962	1	2	1	1
12354127	12361985	1	1	0	1
12362189	12362705	1	1	1	1
12362794	12369901	1	2	1	1
12369944	12373575	1	0	2	1
12373696	12376068	1	1	1	1
12376129	12381440	1	0	0	1
12381510	12382019	1	1	3	1
12382167	12387961	1	3	0	1
12388087	12391904	1	1	1	1
12392114	12392603	1	1	1	1
12392694	12395387	1	2	2	1
12528866	12551026	1	1	1	1
12551101	12552546	1	0	0	1
12552619	12559393	1	0	2	1
12559453	12560744	1	2	0	1
12560834	12571854	1	1	1	1
12560836	12571900	1	0	0	1
12571942	12571976	3	0	0	1
12572040	12572071	3	0	2	1
12572049	12572071	3	2	2	1
12572226	12589411	1	2	0	1
12589449	12589474	3	0	0	1
12589605	12597537	1	2	0	1
12634602	12653096	2	0	4	2
12653618	12654466	2	2	1	2
12654820	12701775	2	0	2	2
12701993	12702708	2	0	2	2
13340482	13408871	1	1	0	1
13409016	13428584	1	1	0	1
13428675	13430752	1	1	0	1
13430988	13438228	1	2	2	1
13446790	13449719	1	1	0	1
13449800	13452686	1	3	0	1
13452871	13453393	1	2	2	1
13453558	13455607	1	2	0	1
13455726	13456861	1	3	2	1
13456999	13457926	1	2	2	1
13467685	13472923	1	1	0	1
13473642	13475733	1	0	0	1
13475825	13476752	1	0	1	1
13475825	13477626	1	0	2	1
13476936	13477626	1	2	2	1
13612161	13614042	2	0	1	2
13614132	13614953	2	0	2	2
13615086	13615811	2	0	4	2
13615917	13616857	2	0	3	2
13616972	13618805	2	1	2	2
13618920	13620101	2	1	2	2
13633332	13633587	0	0	0	1
13633602	13642480	1	2	0	1
13642488	13644526	0	0	0	1
13644543	13655685	1	3	0	1
13653831	13667008	2	0	1	2
13655708	13660557	3	0	0	1
13660566	13663660	1	0	0	1
13663694	13664073	0	2	1	1
13664099	13665225	1	0	1	1
13665236	13665374	0	0	0	1
13665385	13667271	6	0	0	1
13715895	13723159	1	2	2	1
13723447	13803993	1	2	0	1
13804056	13827079	1	2	0	1
13827176	13834561	1	1	0	1
13834646	13841699	1	2	0	1
13841793	13842704	1	3	0	1
13842884	13847995	1	0	1	1
13848193	13851597	3	2	0	1
13851708	13855408	1	0	1	1
13851708	13859886	1	0	0	1
13855460	13859886	1	2	0	1
13859995	13862924	1	4	0	1
13863063	13864580	1	1	0	1
13864746	13872509	1	2	1	1
13872623	13873157	1	2	2	1
13873327	13878489	1	0	0	1
13878587	13879846	1	4	0	1
13880050	13882411	1	2	1	1
13882577	13883037	1	0	0	1
13883191	13884169	1	2	1	1
13884314	13887074	1	3	2	1
13887249	13889961	1	2	1	1
13890121	13890418	1	2	0	1
13890584	13892793	1	0	1	1
13892929	13895562	1	2	1	1
13895722	13895920	1	1	0	1
13896130	13896770	1	4	0	1
13896877	13898680	0	0	0	1
13896880	13898683	1	2	1	1
13898849	13899801	1	2	2	1
13899970	13901730	1	4	0	1
13901902	13902923	1	2	2	1
13903065	13906785	1	2	1	1
13906947	13909643	1	0	0	1
13909795	13912904	1	2	2	1
13909819	13912919	0	0	3	1
13913133	13913498	1	2	0	1
13913549	14042930	0	1	0	1
14018860	14019753	1	3	1	1
14022647	14022831	1	2	1	1
14022955	14023433	3	3	0	1
14023617	14024683	3	2	1	1
14024828	14028892	1	2	1	1
14029092	14032799	1	0	0	1
14070134	14073309	3	0	1	1
14073550	14074141	1	2	0	1
14074352	14079139	1	2	0	1
14079242	14082236	1	2	1	1
14082357	14083884	1	2	1	1
14084086	14087202	1	2	1	1
14087377	14089093	1	2	0	1
14089226	14090108	1	3	0	1
14090191	14091782	3	0	0	1
14151644	14156374	3	2	1	1
14156538	14165760	1	2	1	1
14165949	14166868	1	0	0	1
14167020	14171664	1	2	1	1
14171848	14172109	1	2	0	1
14172248	14173905	1	2	1	1
14174098	14174820	1	0	0	1
14175155	14178456	1	3	1	1
14178600	14180277	1	0	0	1
14180405	14181163	1	1	3	1
14181376	14184671	1	2	1	1
14184873	14186643	1	2	1	1
14186773	14188620	1	1	0	1
14188834	14190406	1	2	1	1
14190500	14191921	1	1	0	1
14191981	14200725	1	3	2	1
14221568	14226059	2	0	2	2
14226244	14252025	2	1	1	2
14252160	14295937	2	1	3	2
14296077	14373971	2	1	3	2
14374308	14416333	2	1	1	2
14416451	14456951	2	1	2	2
14457143	14490712	2	1	3	2
14491235	14491564	2	2	0	2
14491235	14491705	2	2	2	2
14491235	14493242	2	2	1	2
14491235	14507518	2	3	1	2
14495669	14662107	2	0	2	2
14507715	14662107	2	1	3	2
14646592	14662107	2	0	3	2
14659897	14662107	2	0	4	2
14662345	14674473	4	0	2	2
14674717	14678284	2	0	2	2
14678459	14684254	2	0	0	2
14678459	14691076	2	0	2	2
14684456	14691076	2	0	3	2
14691395	14708778	2	1	2	2
14708965	14711800	2	2	2	2
14711946	14717656	2	0	0	2
14717914	14720330	2	0	2	2
14720460	14750694	2	1	2	2
14778721	14784419	2	0	5	2
14784586	14791350	2	0	2	2
14791596	14792320	2	0	2	2
14792427	14795226	2	0	1	2
14795885	14800955	1	1	0	1
14801447	14810158	1	2	1	1
14810268	14813378	1	2	0	1
14813455	14815780	1	4	1	1
14815821	14817546	1	0	0	1
14817648	14820201	1	0	1	1
14820309	14821699	1	3	0	1
14821765	14822524	1	2	1	1
14822602	14825275	1	4	0	1
14822602	14838506	1	4	0	1
14825397	14851057	1	2	2	1
14838628	14851057	1	2	2	1
14851175	14851805	1	2	2	1
14866371	14892179	1	3	0	1
14866881	14885958	1	1	0	1
14886144	14892179	1	3	0	1
14906869	14908205	4	0	0	2
14909988	14910023	2	0	0	2
14909988	14910035	4	0	0	2
14910189	14910242	4	0	0	2
14910219	14910242	4	1	0	2
14910242	14910265	4	0	0	2
14911053	14911073	4	0	1	2
14911062	14911073	4	0	1	2
14911298	14911320	4	0	1	2
14911967	14912061	2	0	0	2
14911990	14912051	4	1	0	2
14913052	14916209	4	0	0	2
14913052	14956670	2	0	1	2
14956783	15016678	2	0	2	2
15148559	15194006	2	0	1	2
15194160	15196958	2	1	3	2
15197067	15213061	2	0	2	2
15213240	15213793	2	1	0	2
15213895	15214948	2	0	2	2
15214991	15224462	2	4	0	2
15224603	15245642	2	0	2	2
15245755	15250711	2	1	0	2
15250781	15255345	2	1	1	2
15255487	15258072	4	2	2	2
15258135	15264018	2	0	2	2
15264122	15266272	2	0	0	2
15266348	15267537	2	1	2	2
15267646	15269801	2	0	2	2
15269849	15271697	2	1	2	2
15271835	15281911	2	1	1	2
15282086	15284659	2	0	2	2
15284758	15286491	2	0	2	2
15286565	15293441	2	0	1	2
15286581	15293460	2	1	3	2
15293573	15310674	2	0	2	2
15310812	15312128	2	2	2	2
15312230	15313778	2	0	1	2
15313904	15318295	2	0	2	2
15318350	15318436	2	1	2	2
15318488	15320263	2	1	2	2
15320347	15324943	2	0	4	2
15320349	15329565	2	0	1	2
15345458	15351835	2	1	1	2
15351972	15351991	4	0	1	2
15353456	15361773	2	2	0	2
15361833	15363661	2	0	1	2
15363758	15366750	2	0	0	2
15366785	15373483	2	1	2	2
15373571	15373755	2	1	2	2
15373852	15373939	2	0	1	2
15374123	15376512	2	1	3	2
15376645	15381003	2	1	0	2
15381155	15387465	2	0	3	2
15387513	15393127	2	0	2	2
15393198	15408441	2	0	3	2
15408543	15442940	2	1	2	2
15731057	15731081	3	0	0	1
15758060	15758855	2	0	1	2
15758988	15761915	2	0	6	2
15762073	15765992	2	1	2	2
15766153	15767626	2	1	4	2
15767819	15778963	2	0	2	2
15869444	15889609	2	1	2	2
15889643	15891290	2	1	1	2
15891375	15949512	2	1	2	2
16007846	16010846	1	1	0	1
16011111	16011831	1	1	0	1
16012108	16012766	1	3	0	1
16024158	16024723	1	0	0	1
16043578	16044622	1	1	1	1
16044798	16045437	1	0	0	1
16045702	16045932	1	1	2	1
16046215	16047415	1	2	0	1
16058561	16058791	2	3	1	2
16059056	16059645	2	0	0	2
16097474	16097508	2	1	0	2
16097726	16097992	4	0	0	2
16098114	16098133	4	0	0	2
16098160	16098720	2	0	0	2
16114324	16115469	2	2	2	2
16115609	16116212	2	0	1	2
16116489	16116709	2	0	1	2
16116974	16119101	2	0	1	2
16140206	16149005	1	1	0	1
16149164	16150647	1	2	3	1
16149164	16172773	1	2	2	1
16150726	16172773	1	0	3	1
16172916	16177039	1	2	1	1
16177166	16177262	1	0	2	1
16177166	16178595	1	0	0	1
16177166	16192948	1	0	0	1
16177299	16178595	1	0	0	1
16178803	16192948	1	3	0	1
16193045	16197063	1	4	2	1
16199244	16201970	0	1	1	2
16203661	16213407	2	1	2	2
16213625	16218319	2	0	0	2
16218406	16220274	2	0	1	2
16220396	16223909	2	2	1	2
16224015	16233297	2	0	1	2
16233330	16233881	2	1	4	2
16233330	16234545	2	1	2	2
16234078	16234545	2	2	2	2
16234651	16249290	2	0	0	2
16251959	16252264	1	2	1	1
16252388	16253240	1	0	0	1
16252388	16255228	1	0	0	1
16253319	16255228	1	2	0	1
16255410	16256788	1	3	0	1
16256925	16258378	1	0	1	1
16258531	16261561	1	0	0	1
16261685	16265087	1	2	1	1
16266677	16267023	3	7	2	1
16272747	16274831	4	1	0	2
16275189	16282638	1	2	0	1
16283114	16290200	1	2	1	1
16290349	16299706	1	2	1	1
16301218	16303723	1	1	2	1
16304307	16307506	1	1	4	1
16307690	16307885	1	2	1	1
16307993	16316806	1	3	4	1
16331173	16335743	1	2	0	1
16331179	16331475	0	0	2	1
16331556	16335737	0	4	0	1
16335919	16337727	1	3	2	1
16337886	16341532	1	2	0	1
16341714	16352297	1	2	0	1
16352420	16354441	1	1	1	1
16354548	16355943	1	0	1	1
16356103	16357012	3	1	2	1
16357140	16357846	1	1	2	1
16357982	16358925	1	2	0	1
16359053	16360449	1	3	1	1
16363158	16366073	2	0	0	2
16366238	16368497	2	2	2	2
16368632	16369647	2	1	2	2
16369805	16370923	2	1	0	2
16371076	16374087	2	0	4	2
16374185	16374353	2	2	2	2
16374414	16381696	2	1	2	2
16401087	16406039	1	1	0	1
16406108	16406192	1	2	0	1
16406258	16406806	1	1	0	1
16406925	16407560	1	2	0	1
16407704	16409724	1	2	1	1
16409822	16410577	1	0	0	1
16410695	16413830	1	1	2	1
16413956	16415659	1	2	0	1
16415727	16420171	1	0	1	1
16420284	16423841	1	2	2	1
16423939	16429099	1	0	0	1
16429248	16442855	1	3	1	1
16463863	16473173	1	1	0	1
16465311	16473173	1	1	0	1
16473555	16486965	1	2	0	1
16487106	16492527	1	2	0	1
16492763	16496028	1	1	2	1
16496136	16497240	1	1	1	1
16535326	16539087	2	0	2	2
16539169	16540584	2	1	2	2
16540679	16540889	2	0	0	2
16541051	16558806	2	0	2	2
16560305	16565894	2	0	2	2
16566086	16578990	2	0	0	2
16566086	16584462	2	0	3	2
16566086	16610868	2	0	1	2
16579038	16584462	2	2	3	2
16584612	16610868	2	1	1	2
16584625	16601071	0	0	1	2
16841644	16843185	2	0	2	2
16843466	16889776	2	0	4	2
16889935	16891823	2	1	2	2
16891922	16940017	2	1	1	2
16940172	16951415	2	2	2	2
16951496	16963980	2	0	0	2
16964137	17020378	2	2	2	2
17020423	17137600	2	1	1	2
17138008	17138108	0	1	2	2
17310004	17311855	2	0	1	2
17311988	17313634	2	0	2	2
17314780	17321965	2	1	1	2
17322080	17326396	2	4	0	2
17326548	17327335	2	1	0	2
17327546	17328293	2	0	2	2
17328464	17330101	2	1	0	2
17330238	17333905	2	1	3	2
17334050	17335535	2	1	1	2
17335611	17341474	2	0	1	2
17341822	17347029	2	1	2	2
17347163	17372566	2	0	0	2
17372669	17382406	2	0	1	2
17382520	17386566	2	1	2	2
17386654	17389890	2	1	1	2
17389932	17402158	2	1	1	2
17389932	17416512	2	1	0	2
17416563	17416712	2	1	0	2
17416563	17463449	2	1	1	2
17416764	17463449	2	1	1	2
17416773	17451298	0	0	0	2
17463579	17511527	2	1	1	2
17463579	17574134	2	1	1	2
17463579	17662779	2	1	1	2
18284279	18289292	2	1	2	2
18345816	18346350	0	1	3	2
18349487	18351409	2	0	2	2
18351631	18358275	2	0	0	2
18358388	18366729	2	1	2	2
18366896	18367173	2	0	2	2
18367544	18370593	2	3	1	2
18370834	18376503	2	0	2	2
18376555	18388707	2	0	2	2
18376555	18388856	2	0	1	2
18376555	18393804	2	0	1	2
18376555	18403375	2	0	2	2
18388756	18388856	2	0	1	2
18388917	18393804	2	2	1	2
18393871	18403375	2	0	2	2
18403528	18405358	2	1	0	2
18405485	18411008	2	0	0	2
18411188	18412080	2	0	1	2
18412302	18413142	2	0	0	2
18413184	18413702	2	1	1	2
18413771	18414230	2	1	2	2
18414379	18415733	2	0	1	2
18415807	18417283	2	0	1	2
18417439	18437399	2	1	1	2
18437479	18447169	2	1	1	2
18447294	18457468	2	1	2	2
18457553	18462490	2	0	2	2
18462555	18464042	2	2	0	2
18464178	18484106	2	1	2	2
18484208	18487393	2	1	2	2
18487476	18510932	2	0	0	2
18511031	18512269	2	0	2	2
18512519	18513112	0	1	0	2
18871581	18874152	2	1	3	2
18874337	18875325	2	1	0	2
18875417	18882306	2	1	2	2
18882410	18883141	2	1	2	2
18883316	18889320	2	0	4	2
18889491	18901664	2	0	2	2
18901777	18903841	2	3	3	2
18904036	18912325	2	0	0	2
18912511	18917766	2	3	2	2
18917955	18921512	2	0	2	2
18921667	18922187	2	0	3	2
18922323	18927459	2	0	2	2
18927554	18929232	2	0	2	2
18929371	18929994	2	0	2	2
18930131	18934937	2	2	1	2
18935106	18938458	2	1	1	2
18938574	18940254	2	1	1	2
18940397	18943916	2	0	2	2
18944020	18947907	2	0	2	2
18947972	18948746	2	1	0	2
18948931	18949827	2	0	2	2
18949862	18956799	2	1	3	2
18956930	18962361	2	0	0	2
18962453	18965896	2	0	2	2
18966072	18971668	2	1	1	2
18971764	18974326	2	2	0	2
18971764	18978278	2	2	1	2
18974468	18978278	2	0	1	2
18978518	18987936	2	0	0	2
18988024	18991233	2	0	0	2
18991374	18993693	2	1	1	2
18993904	18995731	2	0	2	2
18995804	18999837	2	0	1	2
18999931	19005025	2	0	0	2
19005183	19029278	2	0	0	2
19005183	19080996	2	0	2	2
19076447	19080996	2	1	2	2
19081275	19097390	2	1	1	2
19186864	19231103	2	0	0	2
19186870	19194267	0	0	0	2
19194363	19231103	2	1	0	2
19232035	19244058	2	2	4	2
19244186	19257415	2	2	2	2
19257585	19261862	2	3	2	2
19262110	19306665	2	4	4	2
19306902	19464280	2	0	2	2
19464531	19570216	2	1	2	2
19571232	19572698	2	0	3	2
19572824	19576887	2	0	3	2
19613173	19621494	1	5	0	1
19613386	19621494	1	2	0	1
19621656	19621985	1	3	0	1
19622162	19623596	1	2	2	1
19623727	19625901	1	3	0	1
19626121	19630339	3	1	0	1
19630419	19631061	1	1	0	1
19631213	19632337	1	2	1	1
19632447	19633083	1	0	0	1
19633341	19634796	1	2	1	1
19635457	19637031	1	1	2	1
19637284	19638096	1	0	1	1
19638176	19641980	1	1	0	1
19642145	19642275	1	0	0	1
19642533	19643977	1	2	0	1
19644100	19652430	1	2	2	1
19652520	19654178	1	0	0	1
19654272	19659816	1	2	1	1
19659925	19660887	1	2	0	1
19661031	19664523	1	0	2	1
19664698	19664997	1	1	0	1
19665061	19665972	1	0	0	1
19666199	19668155	1	2	0	1
19668300	19669675	1	2	3	1
19669778	19671108	1	2	0	1
19671181	19672731	1	3	0	1
19672921	19686877	1	3	1	1
19686971	19688504	1	1	0	1
19688592	19689333	1	2	1	1
19689513	19691700	1	0	0	1
19689513	19693304	1	0	0	1
19691782	19693304	1	2	0	1
19755917	19764589	1	2	0	1
19756338	19764589	3	2	0	1
19756460	19764589	1	1	0	1
19764465	19764566	0	1	3	1
19766628	19770515	1	2	2	1
19766628	19842576	1	2	1	1
19770649	19842576	1	0	1	1
19807072	19842576	1	2	1	1
19842752	19882443	1	2	0	1
19882686	19890565	1	2	1	1
19882686	20024377	1	5	0	1
20511245	20518654	2	1	3	2
20516358	20518654	2	1	6	2
20518678	20525840	2	0	0	2
20525931	20528193	2	0	5	2
20525934	20528193	2	0	3	2
20528303	20531063	2	0	3	2
20531305	20531680	2	0	2	2
20531840	20541274	2	1	0	2
20541341	20543241	2	0	2	2
20543308	20543531	2	0	0	2
20543571	20549775	2	0	0	2
20549913	20562203	2	0	0	2
20562316	20563168	2	3	2	2
20563336	20566983	2	0	3	2
20567142	20571855	2	0	0	2
20571942	20577941	2	1	0	2
20578144	20585234	2	0	0	2
20585310	20586933	2	0	1	2
20586996	20604704	2	0	0	2
20604766	20608277	2	0	0	2
20608357	20611382	2	2	5	2
20611530	20616905	2	1	1	2
20617175	20633120	2	0	4	2
20633251	20659215	2	1	0	2
20659373	20670881	2	1	3	2
20671055	20751759	2	1	2	2
20671055	20757452	4	1	2	2
20757643	20776415	2	0	2	2
20776571	20777861	2	0	0	2
20778068	20782261	2	0	0	2
20782380	20784406	2	0	0	2
20784622	20792927	2	0	1	2
20793004	20796473	2	0	2	2
20796624	20798419	2	1	0	2
20798556	20803181	2	2	2	2
20803358	20804537	2	1	3	2
20804689	20813554	2	0	1	2
20813728	20814596	2	0	2	2
20814789	20818047	2	1	2	2
20818186	20819145	2	0	2	2
20819308	20821000	2	0	0	2
20821172	20823741	2	0	2	2
20823871	20826275	2	0	1	2
20826456	20832277	2	0	0	2
20832449	20838736	2	4	2	2
20838893	20841194	2	0	1	2
20841369	20842347	2	0	3	2
20842477	20842877	2	0	2	2
20843040	20843734	2	1	1	2
20843885	20845910	2	0	2	2
20846046	20850876	2	1	2	2
20851057	20852831	2	0	2	2
20853003	20857262	2	0	2	2
20857419	20858098	2	1	0	2
20858213	20869920	2	1	2	2
20870134	20870790	2	1	2	2
20870937	20873892	2	0	1	2
20874074	20874234	2	0	3	2
20874477	20876734	2	0	2	2
20876823	20880684	2	0	2	2
20880809	20886570	2	2	0	2
20886741	20888407	2	2	3	2
20888588	20888866	2	0	0	2
20888975	20893796	2	0	2	2
20893899	20896449	2	0	2	2
20896570	20897739	2	0	0	2
20897891	20898603	2	1	1	2
20898786	20899704	2	1	0	2
20899909	20908950	2	1	2	2
20909112	20910024	2	0	2	2
20910141	20912942	2	0	0	2
20913116	20915107	2	3	3	2
20915201	20915536	2	2	0	2
20915615	20917540	2	0	1	2
20917634	20935345	2	0	2	2
20935408	21043562	2	0	1	2
21129880	21159557	2	1	1	2
21231688	21231796	1	0	0	1
21304306	21327548	1	1	2	1
21327591	21341433	1	0	1	1
21341505	21350272	1	2	2	1
21350340	21364565	1	2	0	1
21350344	21353176	3	0	1	1
21353277	21364565	1	2	0	1
21364713	21368718	1	1	1	1
21365046	21368718	1	2	1	1
21365526	21368718	1	2	1	1
21373681	21380579	2	1	2	2
21380686	21384475	2	1	3	2
21384616	21398538	2	0	3	2
21398678	21399223	2	1	2	2
21399344	21401612	2	1	1	2
21414838	21414956	2	1	1	2
21415158	21415762	2	0	2	2
21415816	21416368	2	3	0	2
21416509	21417426	2	0	0	2
21417555	21420636	2	0	3	2
21420893	21421252	2	1	0	2
21421392	21422841	1	2	1	1
21421395	21422832	2	1	2	2
21422921	21426528	2	1	0	2
21422944	21426542	1	1	0	1
21426703	21428024	2	0	0	2
21428157	21430076	2	0	1	2
21445807	21461219	2	2	3	2
21461297	21472250	4	2	2	2
21472389	21475106	2	0	2	2
21475169	21480433	2	0	0	2
21480490	21485532	2	1	2	2
21485690	21487571	2	2	0	2
21487778	21493768	2	0	1	2
21494304	21498058	2	0	1	2
21494304	21504225	2	0	2	2
21494304	21509618	2	0	2	2
21498299	21504225	2	0	2	2
21504385	21509618	2	0	2	2
21504385	21541770	2	0	2	2
21509700	21541770	2	0	2	2
21541939	21576537	2	0	1	2
21541939	21644120	2	0	1	2
21541939	21722614	2	0	3	2
21742772	21748422	1	1	3	1
21748611	21752085	1	2	1	1
21750517	21770481	2	1	3	2
21752426	21754231	1	2	0	1
21754443	21754693	1	2	0	1
21754885	21760387	1	1	3	1
21760497	21761703	1	2	2	1
21767853	21770481	2	1	2	2
21770579	21775159	2	0	2	2
21775283	21777390	2	0	2	2
21777462	21779717	2	1	3	2
21779887	21780453	2	0	2	2
21780509	21780615	2	1	1	2
21780683	21780968	2	0	0	2
21781094	21782683	2	2	0	2
21782728	21787423	2	1	3	2
21787506	21793106	2	0	4	2
21793239	21797196	2	1	5	2
21793239	21801301	2	1	2	2
21797265	21801301	2	1	2	2
21801864	21812242	1	1	1	1
21812348	21815399	1	0	1	1
21815551	21817494	1	0	0	1
21817602	21823044	1	4	0	1
21823118	21823223	1	1	0	1
21913936	21920110	2	5	0	2
21913936	21920783	2	3	0	2
21920170	21920783	2	0	0	2
21920948	21960148	2	1	1	2
21920948	22067124	2	1	1	2
21960265	22067124	2	0	1	2
22067227	22092438	2	0	0	2
22092595	22164726	2	2	1	2
22164847	22237973	2	2	5	2
22238107	22239338	2	0	3	2
22241526	22285745	1	1	0	1
22285821	22352134	1	2	2	1
22352249	22405523	1	1	0	1
22352249	22412042	1	1	1	1
22405615	22412042	1	3	1	1
22412088	22412793	1	4	0	1
22418348	22419454	1	3	0	1
22419610	22423184	1	1	3	1
22423361	22427253	1	2	1	1
22427356	22428140	1	3	0	1
22429037	22434480	1	0	0	1
22664984	22667374	2	0	3	2
22664984	22670355	2	0	3	2
22667421	22670355	2	0	2	2
22670509	22671305	2	0	4	2
22671408	22682848	2	1	2	2
22683133	22685697	2	0	0	2
22685795	22687197	2	2	1	2
22687467	22688459	2	0	0	2
22688588	22693669	2	1	1	2
22693777	22695666	2	0	1	2
22695713	22697935	2	1	2	2
22698056	22700072	2	1	2	2
22700214	22701902	2	0	3	2
22702075	22703454	2	0	0	2
22703666	22704272	2	1	0	2
22704332	22705485	2	0	1	2
22705598	22706219	2	3	1	2
22706363	22710219	2	2	2	2
22710283	22711246	2	0	2	2
22711300	22713254	2	0	1	2
22713341	22719642	2	0	1	2
22713341	22721941	2	0	2	2
22719727	22721941	2	0	2	2
22722011	22731266	2	2	1	2
22731891	22734751	2	0	2	2
22735094	22743310	2	0	1	2
22735094	22793277	2	0	3	2
22793379	22801400	2	1	0	2
22793390	22801034	0	0	1	2
22863818	22871762	2	1	1	2
22863818	22880593	2	1	2	2
22871847	22880593	2	2	3	2
22880768	22891662	2	0	1	2
22891772	22898097	2	0	0	2
22898174	22898827	2	0	0	2
22898956	22901571	2	0	0	2
22901667	22923665	2	2	0	2
22934280	22934937	2	2	0	2
22935121	22936127	2	0	0	2
22972697	22973281	1	3	0	1
22973538	22985018	1	3	3	1
22985368	22987755	1	3	0	1
25155908	25156369	1	2	1	1
25156050	25156120	0	0	1	1
25156194	25156369	1	3	1	1
25228737	25231800	1	1	0	1
25232254	25240496	3	2	1	1
25240589	25246645	1	1	0	1
25246817	25264965	1	2	1	1
25265161	25266931	1	2	0	1
25265161	25270608	1	2	0	1
25267052	25270608	1	0	0	1
25270684	25277476	1	3	0	1
25277570	25280916	1	0	0	1
25281013	25282142	1	2	0	1
25320047	25323842	2	1	3	2
25323998	25329702	2	1	2	2
25432888	25440827	2	0	0	2
25440895	25446895	2	1	1	2
25440895	25447241	2	1	2	2
25481551	25481586	0	4	0	1
25481762	25523034	1	2	0	1
25523159	25524890	1	4	0	1
25525088	25525203	1	2	1	1
25525358	25526208	1	4	2	1
25526334	25526856	1	3	1	1
25527020	25527297	1	3	1	1
25527362	25528508	1	1	1	1
25528664	25540025	1	4	0	1
25540148	25543788	1	2	0	1
25540148	25550471	1	2	1	1
25543870	25550471	1	0	1	1
25550560	25551294	1	1	0	1
25551397	25553557	1	2	0	1
25553631	25554840	1	2	3	1
25554960	25555900	1	5	1	1
25555966	25558569	1	2	1	1
25558753	25559888	1	1	3	1
25559985	25561827	1	1	0	1
25561977	25563010	1	2	2	1
25563117	25565010	1	2	1	1
25567630	25569457	2	0	0	2
25569631	25577425	2	1	2	2
25577515	25578735	2	0	0	2
25578802	25579483	2	0	3	2
25579641	25579738	2	0	2	2
25579813	25581561	2	0	2	2
25581710	25583179	2	1	3	2
25583395	25585854	2	1	1	2
25585942	25587871	2	1	2	2
25587998	25589993	2	1	0	2
25590098	25600386	2	1	3	2
25600516	25603730	2	1	2	2
25603900	25606249	2	0	2	2
25606389	25607301	2	0	1	2
25607471	25608266	2	0	0	2
25608520	25612222	2	1	2	2
25612386	25630042	2	1	2	2
25630156	25631310	2	0	4	2
25631445	25644191	2	0	2	2
25647560	25651636	2	0	0	2
25651660	25653782	2	0	0	2
25653938	25658888	2	1	1	2
25659053	25660779	2	0	2	2
25660980	25663130	2	2	2	2
25736652	25924749	1	0	0	1
25852920	25924749	1	2	0	1
25879198	25924749	1	2	0	1
25920547	25924749	1	0	0	1
25924903	25949260	1	1	0	1
25949389	25964861	1	2	0	1
25965054	25976969	0	1	1	1
25965055	25969233	0	0	0	1
25965055	25969237	1	1	1	1
25965055	25976964	1	1	0	1
25969369	25976969	0	1	1	1
25969370	25976964	1	2	0	1
25980166	25980661	1	0	0	1
25980795	25985794	1	3	2	1
26004026	26008991	2	2	1	2
26009173	26010161	2	0	1	2
26010298	26010862	2	0	2	2
26077287	26079169	2	1	2	2
26080389	26086577	2	0	3	2
26086700	26090260	2	2	4	2
26090393	26090632	2	1	2	2
26090736	26095815	2	2	2	2
26095931	26097487	2	0	3	2
26097665	26101040	2	1	1	2
26101170	26104387	2	2	1	2
26104533	26106458	2	0	2	2
26106563	26111158	2	1	1	2
26111282	26112877	2	1	1	2
26113023	26118817	2	3	3	2
26118998	26120719	2	1	2	2
26120866	26123632	2	1	2	2
26123767	26125785	2	1	3	2
26126104	26128402	2	1	3	2
26128554	26130210	2	0	2	2
26130322	26130727	2	1	2	2
26130944	26131285	2	3	2	2
26131394	26134968	2	0	1	2
26135135	26136734	2	0	1	2
26136902	26150821	2	1	3	2
26151733	26152437	2	0	0	2
26152551	26158115	2	0	2	2
26158450	26159313	2	1	1	2
26159419	26167156	2	0	0	2
26167236	26169955	2	1	2	2
26169999	26173717	2	0	1	2
26169999	26190238	2	0	2	2
26173841	26190238	2	3	2	2
26190308	26209172	2	3	3	2
26209305	26213227	2	0	5	2
26213310	26247866	2	1	2	2
26247919	26255212	2	0	1	2
26301645	26312738	1	1	0	1
26312880	26316363	1	1	0	1
26476163	26476863	2	0	1	2
26477046	26477693	2	0	0	2
26478599	26479489	2	2	0	2
26479671	26480501	2	0	3	2
26480673	26480836	2	0	3	2
26480985	26481600	2	0	1	2
26481792	26485541	2	1	1	2
26485852	26485982	2	1	2	2
26485852	26489419	2	1	2	2
27037314	27037403	1	1	1	1
27037698	27046254	1	1	0	1
27046370	27047049	1	0	1	1
27047214	27049551	1	2	1	1
27049728	27051695	1	2	0	1
27051886	27055031	1	0	0	1
27055160	27057089	1	1	0	1
27078124	27080928	1	0	3	1
27081108	27088946	1	0	0	1
27089117	27090084	1	2	1	1
27137782	27156416	1	3	0	1
27156553	27162742	1	0	0	1
27162922	27164579	1	0	0	1
27164756	27165583	1	1	0	1
27165729	27168812	1	2	0	1
27168953	27171224	1	1	0	1
27248519	27249530	2	1	3	2
27258343	27288174	2	2	2	2
27288275	27313797	2	0	2	2
27313854	27315335	2	0	0	2
27315450	27317239	2	0	2	2
27317347	27329856	2	2	3	2
27329966	27330361	2	0	1	2
27330440	27343410	2	2	2	2
27343562	27344661	2	0	2	2
27344720	27346286	2	1	1	2
27344720	27383023	2	1	1	2
27381285	27450519	1	5	0	1
27388002	27450519	1	3	0	1
27450660	27459312	1	2	0	1
27450660	27465971	1	2	1	1
27459490	27465971	1	0	1	1
27465996	27472674	1	0	0	1
27472869	27473759	1	4	0	1
27473929	27475370	1	2	1	1
27475478	27478088	1	3	1	1
27478260	27499704	1	1	2	1
27499818	27507104	1	1	1	1
27507265	27509738	1	1	3	1
27509893	27516346	1	0	2	1
27516455	27523052	1	2	0	1
27523103	27525582	1	2	0	1
27525679	27530280	1	0	2	1
27530363	27544009	1	2	0	1
27544144	27550705	1	3	0	1
27550834	27551480	1	2	1	1
27551618	27553625	1	2	1	1
27553732	27561268	1	1	3	1
27561427	27563592	1	2	2	1
27563771	27564832	1	3	0	1
27564854	27568042	1	1	0	1
27568221	27568308	1	1	0	1
27568478	27574602	1	3	1	1
27574789	27578293	1	0	2	1
27578400	27589737	1	3	0	1
27589982	27595096	1	2	0	1
27595210	27597173	1	3	0	1
27597287	27598950	1	1	0	1
27599028	27599730	1	2	0	1
27606161	27717512	1	2	0	1
27633327	27717512	1	2	0	1
27679612	27717512	1	0	0	1
27717615	27726361	1	2	0	1
27726440	27744010	1	2	0	1
27744175	27744967	1	3	1	1
27745086	27748631	1	2	0	1
27745086	27754135	1	2	0	1
27748743	27754135	1	2	0	1
27754250	27759035	1	3	0	1
27759164	27764976	1	1	1	1
27765093	27765423	1	1	1	1
27765708	27767903	1	1	0	1
27768127	27769348	1	2	0	1
27769521	27769749	1	3	0	1
27769852	27770219	1	2	0	1
27770271	27770361	1	2	0	1
27770420	27773865	1	3	0	1
27770420	27773868	1	3	0	1
27773969	27779405	1	2	0	1
27779630	27781268	1	2	0	1
27872316	27878430	1	2	1	1
27878535	27880541	1	2	1	1
27880656	27881481	1	2	0	1
27882394	27883605	1	2	2	1
27884272	27884423	1	3	0	1
27884594	27886999	1	2	0	1
27887106	27888689	1	2	1	1
27888775	27891098	1	2	1	1
27891275	27891407	1	4	0	1
27891275	27892402	1	3	0	1
27891571	27892402	1	0	0	1
27892584	27893623	1	0	0	1
27892584	27899768	1	0	0	1
27893771	27899768	1	1	0	1
27899982	27900389	1	2	1	1
27899982	27919895	1	2	1	1
27903176	27903210	0	1	0	1
27909113	27909720	1	2	2	1
27909838	27914837	1	2	2	1
27914943	27915596	1	2	0	1
27915710	27917132	1	1	0	1
27917369	27918833	1	1	1	1
27919189	27923335	1	4	2	1
27923922	27925003	0	12	9	1
27961974	27966283	2	2	1	2
27966365	27972616	2	2	2	2
27972714	27974895	2	0	4	2
27975041	27980657	2	0	0	2
27980750	27998866	2	0	2	2
27998999	28000452	2	0	2	2
28000554	28003109	2	0	3	2
28003206	28005606	2	1	1	2
28005671	28008171	2	0	1	2
28008324	28047245	2	0	0	2
28047330	28114702	2	1	2	2
28047330	28197262	2	1	4	2
28197324	28302164	2	0	2	2
28566530	28566906	1	0	1	1
28566970	28572081	1	2	1	1
28566970	28573886	1	2	0	1
28566970	28586520	1	2	0	1
28572150	28573886	1	1	0	1
28572150	28586520	1	1	0	1
28574012	28586520	1	0	0	1
28587077	28589707	1	2	0	1
28589887	28597969	1	2	0	1
28598190	28599396	1	2	0	1
28599590	28602873	1	2	0	1
28602970	28606542	1	3	0	1
28606729	28608492	1	0	0	1
28608640	28610290	1	3	1	1
28610424	28614344	1	0	0	1
28614469	28619627	1	4	1	1
28619858	28621710	1	2	2	1
28621818	28625038	1	2	1	1
28625158	28627522	1	0	0	1
28627654	28629243	1	2	1	1
28629385	28641445	1	1	0	1
28629385	28645801	1	1	1	1
28641643	28645801	1	0	1	1
28645829	28659699	1	2	4	1
28645829	28685285	1	2	1	1
28659818	28674783	1	1	1	1
28659818	28685285	1	1	1	1
28674841	28685285	1	0	1	1
28685342	28721096	1	1	3	1
28685342	28746950	1	1	0	1
28721260	28726350	1	0	0	1
28726452	28744142	1	2	0	1
28726452	28746950	1	2	0	1
28744185	28746950	1	0	0	1
28747001	28754365	1	0	0	1
28754466	28759122	1	2	0	1
28820823	28832850	2	0	3	2
28832959	28835713	2	0	0	2
28835825	28836684	2	2	2	2
28836811	28836901	2	0	0	2
28837017	28838227	2	0	0	2
28838371	28841130	2	0	0	2
28841386	28843097	2	0	1	2
28843203	28843888	2	0	5	2
28843970	28845178	2	2	0	2
28845414	28847390	2	0	1	2
28847612	28847861	2	2	0	2
28847955	28849461	2	0	1	2
28849534	28851519	2	1	2	2
28851638	28854227	2	0	3	2
28851638	28856001	2	0	3	2
28851638	28856926	2	0	1	2
28902300	28907074	2	0	0	2
28907325	28907357	2	0	0	2
28924736	28926281	2	1	0	2
28926390	28926413	2	0	0	2
28969001	28972315	1	2	0	1
28972382	28978666	1	2	0	1
28978796	28982358	1	2	0	1
28982554	28984017	1	3	1	1
28982554	29018349	1	2	1	1
28984234	29018349	1	0	1	1
29018459	29023524	1	1	0	1
29023583	29023663	0	4	1	1
29023788	29024261	1	1	2	1
29024428	29027846	1	3	1	1
29027965	29033571	1	2	1	1
29033719	29034788	1	2	2	1
29034864	29035380	1	2	1	1
29035499	29035899	1	1	0	1
29035969	29038671	1	2	0	1
29035969	29042015	1	2	1	1
29038777	29042015	1	2	1	1
29042107	29042534	1	0	0	1
29042644	29046641	1	0	2	1
29042644	29051751	1	0	0	1
29046743	29048706	1	0	0	1
29046743	29051751	1	0	0	1
29048851	29051751	1	2	0	1
29060888	29064775	1	3	0	1
29064924	29066389	1	2	1	1
29066546	29068134	1	1	0	1
29068285	29069666	1	3	1	1
29069924	29072287	1	3	1	1
29072450	29078870	1	0	2	1
29108678	29108702	2	0	0	2
29626477	29680763	1	1	3	1
29680980	29724035	1	0	2	1
29724112	29745152	1	4	0	1
29724112	29748157	1	3	0	1
29745298	29746770	1	3	0	1
29745298	29748157	1	2	0	1
29747097	29748157	1	2	0	1
29748023	29748157	1	1	0	1
29748234	29748688	1	0	0	1
29748765	29749175	1	0	0	1
29749281	29749384	1	2	2	1
29749469	29749583	1	2	1	1
29749716	29749978	1	2	0	1
29750092	29750442	1	2	0	1
29750567	29751019	1	2	0	1
29751116	29751591	1	1	0	1
29751748	29751853	1	0	0	1
29751944	29752391	1	1	0	1
29836274	29855940	1	2	2	1
29842480	29855940	1	2	2	1
29857282	29878834	1	0	0	1
29857282	29883484	1	0	0	1
29878958	29883484	1	1	0	1
29883618	29897856	1	0	1	1
29900848	29900902	0	3	2	1
29902165	29905096	2	1	4	2
29905192	29905284	2	0	2	2
29905389	29907306	2	5	2	2
29907371	29907545	2	0	2	2
29907629	29912514	2	0	0	2
29912694	29936480	2	1	1	2
29975835	29977533	2	0	1	2
