N_unmapped	1	1	1
N_multimapping	13308	13308	13308
N_noFeature	30346	75454	30721
N_ambiguous	922	4	9
ENSSSCG00000037372	57	5	52
ENSSSCG00000027257	445	2	443
ENSSSCG00000029697	342	5	337
ENSSSCG00000027274	0	0	0
ENSSSCG00000027726	59	0	59
ENSSSCG00000033475	0	0	0
ENSSSCG00000035944	1	1	0
ENSSSCG00000004010	184	0	184
ENSSSCG00000004009	1	1	0
ENSSSCG00000030155	143	224	152
ENSSSCG00000038931	106	36	304
ENSSSCG00000004008	7	0	7
ENSSSCG00000004012	3566	7	3559
ENSSSCG00000035661	3	1	2
ENSSSCG00000032192	0	0	0
ENSSSCG00000004013	707	0	707
ENSSSCG00000037093	0	0	0
ENSSSCG00000031703	54	1	53
ENSSSCG00000004017	1	0	1
ENSSSCG00000004016	7	0	7
ENSSSCG00000004018	509	1	508
ENSSSCG00000038097	0	0	0
ENSSSCG00000027404	418	1	417
ENSSSCG00000022580	2	1	1
ENSSSCG00000032403	13	2	12
ENSSSCG00000037137	18	1	18
ENSSSCG00000024562	0	0	0
ENSSSCG00000034196	0	0	0
ENSSSCG00000004023	77	0	77
ENSSSCG00000004024	735	4	731
ENSSSCG00000004022	158	0	158
ENSSSCG00000032916	1756	0	1756
ENSSSCG00000040654	6	5	1
ENSSSCG00000004020	342	1	341
ENSSSCG00000004021	0	0	0
ENSSSCG00000036759	14	0	14
ENSSSCG00000034946	0	0	0
ENSSSCG00000036609	0	0	0
ENSSSCG00000036448	5	0	5
ENSSSCG00000004027	36	0	36
ENSSSCG00000034772	0	0	0
ENSSSCG00000019654	0	0	0
ENSSSCG00000004028	1	1	0
ENSSSCG00000004029	1560	3	1557
ENSSSCG00000038153	2	0	2
ENSSSCG00000037408	0	0	0
ENSSSCG00000038784	0	0	0
ENSSSCG00000004032	19	0	19
ENSSSCG00000004033	52	0	52
ENSSSCG00000004037	130	1	152
ENSSSCG00000032396	0	23	0
ENSSSCG00000004038	0	0	0
ENSSSCG00000004039	133	0	133
ENSSSCG00000018769	0	0	0
ENSSSCG00000004040	1	1	0
ENSSSCG00000004041	0	0	0
ENSSSCG00000004044	1354	3	1351
ENSSSCG00000004045	0	0	0
ENSSSCG00000004046	2	1	1
ENSSSCG00000004047	148	0	148
ENSSSCG00000004048	278	92	615
ENSSSCG00000018530	1	0	1
ENSSSCG00000004049	283	357	366
ENSSSCG00000018605	0	4	2
ENSSSCG00000004050	573	13	560
ENSSSCG00000040317	1293	0	1293
ENSSSCG00000004052	1521	1	1520
ENSSSCG00000035342	0	0	0
ENSSSCG00000004053	108	0	108
ENSSSCG00000004055	19	1	18
ENSSSCG00000004058	2590	11	2579
ENSSSCG00000004057	19	0	19
ENSSSCG00000033107	276	113	181
ENSSSCG00000024876	79	0	97
ENSSSCG00000031776	123	2	121
ENSSSCG00000035802	0	0	0
ENSSSCG00000024019	79	0	79
ENSSSCG00000012314	60	0	60
ENSSSCG00000012315	203	4	199
ENSSSCG00000030535	844	0	844
ENSSSCG00000040580	5	1	4
ENSSSCG00000035027	60	0	60
ENSSSCG00000038527	8	0	8
ENSSSCG00000004063	98	0	98
ENSSSCG00000004064	432	1	431
ENSSSCG00000019015	0	0	0
ENSSSCG00000004069	0	0	0
ENSSSCG00000004068	0	0	0
ENSSSCG00000024361	44	62	53
ENSSSCG00000004067	4	3	1
ENSSSCG00000004065	96	15	152
ENSSSCG00000004070	345	0	345
ENSSSCG00000033953	1	0	1
ENSSSCG00000004071	65	0	65
ENSSSCG00000004072	14	0	14
ENSSSCG00000004074	0	0	0
ENSSSCG00000004075	5	1	4
ENSSSCG00000004076	46	0	46
ENSSSCG00000004077	23	0	23
ENSSSCG00000004078	0	0	0
ENSSSCG00000031720	1	1	0
ENSSSCG00000031536	282	0	282
ENSSSCG00000004081	55	0	55
ENSSSCG00000034008	16	0	16
ENSSSCG00000021273	38	0	38
ENSSSCG00000031744	137	0	137
ENSSSCG00000004082	408	0	408
ENSSSCG00000025777	134	1	133
ENSSSCG00000004087	76	0	76
ENSSSCG00000004088	72	0	82
ENSSSCG00000004089	52	12	50
ENSSSCG00000004090	75	7	68
ENSSSCG00000031733	2236	10	2226
ENSSSCG00000004092	66	0	66
ENSSSCG00000032778	73	0	73
ENSSSCG00000026396	0	0	0
ENSSSCG00000040966	542	5	537
ENSSSCG00000004093	5	2	3
ENSSSCG00000004094	0	0	0
ENSSSCG00000035574	2	0	2
ENSSSCG00000032525	4	0	4
ENSSSCG00000033578	6	1	5
ENSSSCG00000004096	0	0	0
ENSSSCG00000004098	0	0	0
ENSSSCG00000026042	24	2	22
ENSSSCG00000004101	95	2	111
ENSSSCG00000004103	533	21	533
ENSSSCG00000004105	141	14	130
ENSSSCG00000031644	0	2	1
ENSSSCG00000004106	387	2	388
ENSSSCG00000004104	132	5	127
ENSSSCG00000030067	481	0	481
ENSSSCG00000028867	97	1	96
ENSSSCG00000004109	10	1	9
ENSSSCG00000004110	498	0	498
ENSSSCG00000028974	318	3	315
ENSSSCG00000033175	622	0	622
ENSSSCG00000035386	0	0	0
ENSSSCG00000004112	1	0	1
ENSSSCG00000004113	162	1	161
ENSSSCG00000004114	221	0	221
ENSSSCG00000004119	0	0	0
ENSSSCG00000004120	177	0	177
ENSSSCG00000004121	347	7	340
ENSSSCG00000032105	0	0	0
ENSSSCG00000004123	3051	3	3048
ENSSSCG00000033962	719	0	719
ENSSSCG00000004125	51	0	51
ENSSSCG00000035578	214	0	214
ENSSSCG00000004127	239	1	238
ENSSSCG00000032615	0	0	0
ENSSSCG00000004128	2	0	2
ENSSSCG00000040918	29	27	2
ENSSSCG00000004130	57	0	71
ENSSSCG00000039614	0	14	0
ENSSSCG00000004132	1122	1	1121
ENSSSCG00000020208	0	0	0
ENSSSCG00000004133	613	9	605
ENSSSCG00000004134	415	7	415
ENSSSCG00000039598	29	3	32
ENSSSCG00000004136	428	6	422
ENSSSCG00000004138	494	5	489
ENSSSCG00000004139	183	2	181
ENSSSCG00000004140	217	0	217
ENSSSCG00000034307	0	0	0
ENSSSCG00000036250	1	1	0
ENSSSCG00000036890	2	0	2
ENSSSCG00000004142	456	0	456
ENSSSCG00000004143	24	0	24
ENSSSCG00000004144	180	0	180
ENSSSCG00000004145	28	0	28
ENSSSCG00000004146	210	0	210
ENSSSCG00000004147	1	1	0
ENSSSCG00000004148	141	1	140
ENSSSCG00000004149	343	0	343
ENSSSCG00000020384	0	0	0
ENSSSCG00000004150	75	1	74
ENSSSCG00000037315	0	0	0
ENSSSCG00000004151	77	0	77
ENSSSCG00000022968	24	1	23
ENSSSCG00000038420	61	0	61
ENSSSCG00000004154	108	0	108
ENSSSCG00000004155	0	0	0
ENSSSCG00000004156	634	1	633
ENSSSCG00000004158	1	0	1
ENSSSCG00000004157	13	0	13
ENSSSCG00000004159	0	0	0
ENSSSCG00000004160	93	0	93
ENSSSCG00000020379	0	0	0
ENSSSCG00000026041	376	0	376
ENSSSCG00000039049	23	1	22
ENSSSCG00000004163	986	1	985
ENSSSCG00000004164	18	3	15
ENSSSCG00000004165	137	2	135
ENSSSCG00000035425	1422	0	1422
ENSSSCG00000020601	0	0	0
ENSSSCG00000004166	65	0	65
ENSSSCG00000004167	4	0	4
ENSSSCG00000039857	13	0	13
ENSSSCG00000031314	3	0	3
ENSSSCG00000004169	302	9	293
ENSSSCG00000028115	0	0	0
ENSSSCG00000004170	90	0	90
ENSSSCG00000020130	0	0	0
ENSSSCG00000019571	0	0	0
ENSSSCG00000021443	246	0	246
ENSSSCG00000004172	108	58	123
ENSSSCG00000022387	35	15	93
ENSSSCG00000033258	18	0	18
